[10.0, 1.2215278744697571, 'i2vtags_crossdressing', 0.29999999999999999, 0.69999999999999996, 0.2996082675977173, 0.7003917324022827]
[10.0, 1.2982700169086456, 'i2vtags_open_clothes', 0.59999999999999998, 0.40000000000000002, 0.62347808778576297, 0.37652191221423698]
[10.0, 1.3920085728168488, 'i2vtags_gauntlets', 1.0, 0.0, 1.0, 0.0]
[10.0, 1.4143971800804138, 'i2vtags_goggles', 1.0, 0.0, 1.0, 0.0]
[10.0, 1.6037705540657043, 'i2vtags_eating', 1.0, 0.0, 1.0, 0.0]
[10.0, 1.6482508182525635, 'i2vtags_two-tone_hair', 0.80000000000000004, 0.20000000000000001, 0.81416933605177877, 0.18583066394822129]
[10.0, 2.9672809243202209, 'mstags_skirt', 0.59999999999999998, 0.40000000000000002, 0.53679748229068991, 0.46320251770931004]
[10.0, 5.4394209900000003, 'gotags_document', 0.5, 0.5, 0.49038906988517539, 0.5096109301148245]
[10.0, 5.6301671499999992, 'gotags_fairy', 0.90000000000000002, 0.10000000000000001, 0.90441244537473453, 0.095587554625265456]
[10.0, 6.0864864800000005, 'gotags_midnight', 0.5, 0.5, 0.49883694147300561, 0.50116305852699439]
[10.0, 6.5204051500000002, 'gotags_orchestra', 0.20000000000000001, 0.80000000000000004, 0.17494143442911669, 0.82505856557088331]
[10.0, 6.569027010000001, 'gotags_furniture', 0.10000000000000001, 0.90000000000000002, 0.10275307575573508, 0.89724692424426467]
[10.0, 6.6580817100000003, 'gotags_superhero', 0.69999999999999996, 0.29999999999999999, 0.69544106571200359, 0.30455893428799624]
[10.0, 6.7448569099999993, 'gotags_bass_guitar', 0.0, 1.0, 0.0, 1.0]
[10.0, 6.7778129600000003, 'gotags_school_uniform', 0.80000000000000004, 0.20000000000000001, 0.82827141190393661, 0.17172858809606337]
[10.0, 7.3100358099999996, 'gotags_season', 0.0, 1.0, 0.0, 1.0]
[10.0, 7.3463515199999998, 'gotags_team', 0.5, 0.5, 0.51954980232146586, 0.4804501976785342]
[10.0, 7.35504186, 'gotags_ocean', 0.29999999999999999, 0.69999999999999996, 0.31002095615537395, 0.68997904384462605]
[10.0, 7.9840760700000004, 'gotags_night', 0.10000000000000001, 0.90000000000000002, 0.093098962670579863, 0.90690103732942007]
[10.0, 8.1249878400000011, 'gotags_fur_clothing', 0.0, 1.0, 0.0, 1.0]
[10.0, 8.5162220001220703, 'mstags_scene', 0.59999999999999998, 0.40000000000000002, 0.60487758773720579, 0.39512241226279426]
[10.0, 9.5614603757858276, 'mstags_umbrella', 0.59999999999999998, 0.40000000000000002, 0.59456313744241596, 0.40543686255758404]
[11.0, 0.75245057512074709, 'mstags_night_sky', 0.27272727272727271, 0.72727272727272729, 0.27895550747404019, 0.72104449252595981]
[11.0, 1.2081454694271088, 'mstags_picture_frame', 0.54545454545454541, 0.45454545454545453, 0.59502131115169521, 0.40497868884830485]
[11.0, 1.3086154460906982, 'i2vtags_cross', 0.72727272727272729, 0.27272727272727271, 0.71409056118800507, 0.28590943881199499]
[11.0, 1.9613352715969086, 'i2vtags_miniskirt', 0.81818181818181823, 0.18181818181818182, 0.8612621920387733, 0.1387378079612267]
[11.0, 1.9817421436309814, 'i2vtags_obi', 0.54545454545454541, 0.45454545454545453, 0.58791168798857651, 0.41208831201142343]
[11.0, 2.510824054479599, 'mstags_painting', 0.36363636363636365, 0.63636363636363635, 0.25987122144374536, 0.74012877855625459]
[11.0, 5.6707607209682465, 'mstags_different', 0.45454545454545453, 0.54545454545454541, 0.31821510348834586, 0.68178489651165419]
[11.0, 5.9160654599999996, 'gotags_art_model', 0.18181818181818182, 0.81818181818181823, 0.17444110735042476, 0.82555889264957527]
[11.0, 5.9308891100000007, 'gotags_love', 0.36363636363636365, 0.63636363636363635, 0.34934785688481701, 0.65065214311518282]
[11.0, 6.4456345736980438, 'mstags_outdoor_object', 0.36363636363636365, 0.63636363636363635, 0.29268296201407468, 0.70731703798592527]
[11.0, 6.8724598100000005, 'gotags_clip_art', 0.0, 1.0, 0.0, 1.0]
[11.0, 6.8871540099999997, 'gotags_audience', 0.090909090909090912, 0.90909090909090906, 0.096507352534142041, 0.90349264746585789]
[11.0, 7.1022805400000006, 'gotags_facial_hair', 0.18181818181818182, 0.81818181818181823, 0.15062751801691007, 0.84937248198309001]
[11.0, 7.1762386500000002, 'gotags_tuxedo', 0.45454545454545453, 0.54545454545454541, 0.44547951871695352, 0.55452048128304654]
[11.0, 7.2147611699999992, 'gotags_lighting', 0.27272727272727271, 0.72727272727272729, 0.26536510147570141, 0.73463489852429864]
[11.0, 7.4839932200000003, 'gotags_floristry', 0.45454545454545453, 0.54545454545454541, 0.46287533114574358, 0.53712466885425636]
[11.0, 9.3192322850227356, 'mstags_window', 0.18181818181818182, 0.81818181818181823, 0.19815732538783162, 0.8018426746121684]
[11.0, 9.8774129599332809, 'mstags_snow', 0.18181818181818182, 0.81818181818181823, 0.19238830272118057, 0.80761169727881943]
[11.0, 10.665148559999999, 'gotags_human_hair_color', 0.36363636363636365, 0.63636363636363635, 0.3647384429870521, 0.63526155701294806]
[12.0, 1.6738577485084534, 'i2vtags_umbrella', 0.75, 0.25, 0.75281261509543629, 0.24718738490456374]
[12.0, 1.7561990022659302, 'i2vtags_sisters', 1.0, 0.0, 1.0, 0.0]
[12.0, 1.7667551338672638, 'i2vtags_lingerie', 0.16666666666666666, 0.83333333333333337, 0.13981625089307606, 0.86018374910692397]
[12.0, 2.0214534401893616, 'i2vtags_muscle', 0.25, 0.75, 0.20802849565704629, 0.79197150434295371]
[12.0, 2.5394345670938492, 'mstags_staring', 0.25, 0.75, 0.25754770890019618, 0.74245229109980382]
[12.0, 6.152227149999999, 'gotags_graphic_design', 0.41666666666666669, 0.58333333333333337, 0.41612818213319713, 0.58387181786680298]
[12.0, 7.2233927500000004, 'gotags_banner', 0.083333333333333329, 0.91666666666666663, 0.069609158383364927, 0.9303908416166351]
[12.0, 7.4792865900000001, 'gotags_geisha', 0.16666666666666666, 0.83333333333333337, 0.14342084463432761, 0.85657915536567231]
[12.0, 7.562060683965683, 'mstags_businesscard', 0.33333333333333331, 0.66666666666666663, 0.29237706574655237, 0.70762293425344758]
[12.0, 7.5686586900000012, 'gotags_sunlight', 0.25, 0.75, 0.2445080080629187, 0.75549199193708116]
[12.0, 8.3284880599999997, 'gotags_leaf', 0.083333333333333329, 0.91666666666666663, 0.082566006584393184, 0.91743399341560683]
[12.0, 8.3547446799999996, 'gotags_mecha', 0.83333333333333337, 0.16666666666666666, 0.82085624428680937, 0.17914375571319074]
[12.0, 9.9517634510993958, 'mstags_yellow', 0.16666666666666666, 0.83333333333333337, 0.13611330446284514, 0.86388669553715491]
[12.0, 10.009644100000003, 'gotags_man', 0.16666666666666666, 0.83333333333333337, 0.1690011056437061, 0.83099889435629359]
[12.0, 10.215015888214111, 'mstags_little', 0.83333333333333337, 0.16666666666666666, 0.81917587029414618, 0.18082412970585379]
[13.0, 1.574662059545517, 'i2vtags_topless', 0.46153846153846156, 0.53846153846153844, 0.41600526798596077, 0.58399473201403918]
[13.0, 1.865435004234314, 'i2vtags_butterfly', 0.69230769230769229, 0.30769230769230771, 0.69652836139253316, 0.30347163860746684]
[13.0, 1.9520196616649628, 'i2vtags_cover_page', 1.0, 0.0, 1.0, 0.0]
[13.0, 2.0795488655567169, 'i2vtags_leaf', 0.30769230769230771, 0.69230769230769229, 0.33109719655374298, 0.66890280344625697]
[13.0, 2.4025112688541412, 'i2vtags_headset', 0.92307692307692313, 0.076923076923076927, 0.95339046561627605, 0.046609534383723922]
[13.0, 2.6753163933753967, 'i2vtags_orange_eyes', 1.0, 0.0, 1.0, 0.0]
[13.0, 3.0733644068241119, 'i2vtags_maid_headdress', 1.0, 0.0, 1.0, 0.0]
[13.0, 3.1495001018047333, 'i2vtags_on_back', 0.84615384615384615, 0.15384615384615385, 0.92829404386861969, 0.071705956131380297]
[13.0, 3.3721010386943817, 'i2vtags_flat_chest', 0.84615384615384615, 0.15384615384615385, 0.91241003726636927, 0.087589962733630677]
[13.0, 3.623572364449501, 'mstags_line', 0.0, 1.0, 0.0, 1.0]
[13.0, 5.1933259293437004, 'mstags_blur', 0.46153846153846156, 0.53846153846153844, 0.3604468826547248, 0.6395531173452752]
[13.0, 7.2426026899999991, 'gotags_signage', 0.23076923076923078, 0.76923076923076927, 0.23272324772519037, 0.76727675227480985]
[13.0, 7.8516674900000005, 'gotags_veil', 0.61538461538461542, 0.38461538461538464, 0.60558298425854507, 0.39441701574145488]
[13.0, 8.2050029599999998, 'gotags_thigh', 0.30769230769230771, 0.69230769230769229, 0.29262332283180559, 0.70737667716819441]
[13.0, 8.3479587500000001, 'gotags_sea', 0.23076923076923078, 0.76923076923076927, 0.22626605575884046, 0.77373394424115949]
[13.0, 8.5729506700000009, 'gotags_t_shirt', 0.30769230769230771, 0.69230769230769229, 0.30495484467776596, 0.69504515532223388]
[13.0, 8.7499803200000006, 'gotags_astronomical_object', 0.0, 1.0, 0.0, 1.0]
[13.0, 9.2457398799999986, 'gotags_cap', 0.38461538461538464, 0.61538461538461542, 0.35815427353338003, 0.64184572646662008]
[13.0, 9.4349773500000005, 'gotags_morning', 0.15384615384615385, 0.84615384615384615, 0.15688369405571492, 0.84311630594428499]
[13.0, 10.992077199999997, 'gotags_fauna', 0.076923076923076927, 0.92307692307692313, 0.076923076923076941, 0.92307692307692313]
[13.0, 11.045886440000002, 'gotags_purple', 0.46153846153846156, 0.53846153846153844, 0.45326703449252542, 0.5467329655074743]
[13.0, 11.771923363208771, 'mstags_mountain', 0.30769230769230771, 0.69230769230769229, 0.29135677758463524, 0.7086432224153647]
[13.0, 11.839352809999998, 'gotags_mammal', 0.15384615384615385, 0.84615384615384615, 0.15515720744874065, 0.84484279255125938]
[13.0, 11.990044772624969, 'mstags_beach', 0.15384615384615385, 0.84615384615384615, 0.16238792833774734, 0.8376120716622526]
[14.0, 1.5647072196006775, 'i2vtags_bowtie', 1.0, 0.0, 1.0, 0.0]
[14.0, 1.7502662539482117, 'i2vtags_long_sleeves', 1.0, 0.0, 1.0, 0.0]
[14.0, 1.8787442743778229, 'i2vtags_younger', 0.8571428571428571, 0.14285714285714285, 0.86657492520208967, 0.1334250747979103]
[14.0, 1.9133786559104919, 'i2vtags_tongue', 0.6428571428571429, 0.35714285714285715, 0.65400337314839674, 0.34599662685160326]
[14.0, 2.0304188430309296, 'i2vtags_censored', 0.7142857142857143, 0.2857142857142857, 0.68888717613888284, 0.31111282386111716]
[14.0, 3.218319833278656, 'i2vtags_eyepatch', 0.9285714285714286, 0.071428571428571425, 0.96818716376519243, 0.031812836234807629]
[14.0, 3.5455329716205597, 'i2vtags_aqua_eyes', 1.0, 0.0, 1.0, 0.0]
[14.0, 4.3244811594486237, 'i2vtags_letterboxed', 0.2857142857142857, 0.7142857142857143, 0.16208582404683203, 0.83791417595316797]
[14.0, 5.4241104125976563, 'mstags_guitar', 0.0, 1.0, 0.0, 1.0]
[14.0, 7.7554085899999992, 'gotags_wing', 0.071428571428571425, 0.9285714285714286, 0.069607894121281891, 0.93039210587871812]
[14.0, 9.7555634600000012, 'gotags_concert', 0.5, 0.5, 0.4917769506262839, 0.50822304937371598]
[14.0, 11.160995279999998, 'gotags_atmosphere', 0.0, 1.0, 0.0, 1.0]
[14.0, 12.318008880000001, 'gotags_tree', 0.21428571428571427, 0.7857142857142857, 0.20705377182679868, 0.79294622817320115]
[14.0, 12.465751540000003, 'gotags_green', 0.14285714285714285, 0.8571428571428571, 0.14072799897951435, 0.85927200102048562]
[14.0, 12.65182156, 'gotags_eyewear', 0.14285714285714285, 0.8571428571428571, 0.12698985852595285, 0.8730101414740471]
[15.0, 1.9262430369853973, 'i2vtags_alternate_costume', 0.73333333333333328, 0.26666666666666666, 0.77929162690881959, 0.22070837309118047]
[15.0, 2.4588028788566589, 'i2vtags_twins', 0.93333333333333335, 0.066666666666666666, 0.95514531499871269, 0.044854685001287337]
[15.0, 2.7423091232776642, 'i2vtags_thigh_boots', 1.0, 0.0, 1.0, 0.0]
[15.0, 3.0783533379435539, 'mstags_fabric', 0.53333333333333333, 0.46666666666666667, 0.52600696114637346, 0.47399303885362659]
[15.0, 3.6485443115234375, 'i2vtags_mole', 0.80000000000000004, 0.20000000000000001, 0.8335109334681382, 0.16648906653186177]
[15.0, 4.2060950100421906, 'i2vtags_bunny_ears', 0.8666666666666667, 0.13333333333333333, 0.90368038959867458, 0.096319610401325403]
[15.0, 5.1152142286300659, 'mstags_pretty', 0.26666666666666666, 0.73333333333333328, 0.26474318279015285, 0.73525681720984715]
[15.0, 7.8274155000000025, 'gotags_chest', 0.20000000000000001, 0.80000000000000004, 0.19999999999999993, 0.79999999999999993]
[15.0, 8.288901730000001, 'gotags_profession', 0.066666666666666666, 0.93333333333333335, 0.064598063463831165, 0.93540193653616865]
[15.0, 8.7714974300000002, 'gotags_figurine', 0.53333333333333333, 0.46666666666666667, 0.51789283258103858, 0.48210716741896137]
[15.0, 9.1019324362277985, 'mstags_room', 0.40000000000000002, 0.59999999999999998, 0.3744888943172171, 0.6255111056827829]
[15.0, 10.535466253757477, 'mstags_white', 0.33333333333333331, 0.66666666666666663, 0.33777041185858048, 0.66222958814141952]
[15.0, 10.794940219999999, 'gotags_atmosphere_of_earth', 0.0, 1.0, 0.0, 1.0]
[15.0, 11.343388879999997, 'gotags_line_art', 0.33333333333333331, 0.66666666666666663, 0.36031304870507103, 0.63968695129492925]
[15.0, 11.542205250000002, 'gotags_performance_art', 0.33333333333333331, 0.66666666666666663, 0.33333333333333331, 0.66666666666666674]
[15.0, 13.00708008, 'gotags_chin', 0.20000000000000001, 0.80000000000000004, 0.19695089629985582, 0.80304910370014415]
[15.0, 13.805460214614868, 'mstags_map', 0.33333333333333331, 0.66666666666666663, 0.34035948143882999, 0.65964051856117001]
[15.0, 14.267854270000001, 'gotags_facial_expression', 0.0, 1.0, 0.0, 1.0]
[16.0, 1.9507135152816772, 'i2vtags_signature', 0.5, 0.5, 0.50062730039426728, 0.49937269960573266]
[16.0, 2.22308748960495, 'i2vtags_apron', 0.6875, 0.3125, 0.70389608672968351, 0.29610391327031649]
[16.0, 2.2615869045257568, 'i2vtags_katana', 0.5625, 0.4375, 0.57700195914243457, 0.42299804085756548]
[16.0, 3.1825338304042816, 'i2vtags_fire', 0.25, 0.75, 0.25399273130722461, 0.74600726869277545]
[16.0, 8.5073482000000009, 'gotags_material', 0.0625, 0.9375, 0.060762454744711154, 0.9392375452552888]
[16.0, 8.5298730599999999, 'gotags_japanese_idol', 0.875, 0.125, 0.87731762329415008, 0.12268237670584983]
[16.0, 9.9482216500000007, 'gotags_calligraphy', 0.1875, 0.8125, 0.16500267763937487, 0.83499732236062507]
[16.0, 10.23026331, 'gotags_moustache', 0.1875, 0.8125, 0.19163970277124764, 0.80836029722875247]
[16.0, 10.26152587, 'gotags_collage', 0.4375, 0.5625, 0.43270145261544812, 0.56729854738455199]
[16.0, 11.174782395362854, 'mstags_dancer', 0.375, 0.625, 0.40930819619348741, 0.59069180380651265]
[16.0, 11.360310196876526, 'mstags_queen', 1.0, 0.0, 1.0, 0.0]
[16.0, 11.687544819999999, 'gotags_land_plant', 0.0625, 0.9375, 0.062088881041826881, 0.93791111895817292]
[16.0, 12.120779140000002, 'gotags_branch', 0.125, 0.875, 0.13221199738814809, 0.86778800261185174]
[16.0, 13.983899480000002, 'gotags_wedding_dress', 0.375, 0.625, 0.38671960762692775, 0.61328039237307208]
[17.0, 2.0243332982063293, 'i2vtags_squatting', 1.0, 0.0, 1.0, 0.0]
[17.0, 2.7203792333602905, 'i2vtags_vest', 0.35294117647058826, 0.6470588235294118, 0.26944773039844749, 0.73055226960155251]
[17.0, 2.7650646269321442, 'i2vtags_feet', 0.17647058823529413, 0.82352941176470584, 0.11267200374804216, 0.8873279962519578]
[17.0, 3.0820257961750031, 'i2vtags_sash', 0.47058823529411764, 0.52941176470588236, 0.44981225032484212, 0.55018774967515793]
[17.0, 3.0867619514465332, 'i2vtags_looking_back', 0.82352941176470584, 0.17647058823529413, 0.83341402883704707, 0.16658597116295293]
[17.0, 5.114574134349823, 'i2vtags_lolita_fashion', 1.0, 0.0, 1.0, 0.0]
[17.0, 6.3556616604328156, 'mstags_team', 0.0, 1.0, 0.0, 1.0]
[17.0, 9.3806081900000002, 'gotags_wind', 0.058823529411764705, 0.94117647058823528, 0.063185450025708842, 0.93681454997429126]
[17.0, 10.349152139999999, 'gotags_heart', 0.47058823529411764, 0.52941176470588236, 0.49900144380329886, 0.50099855619670119]
[17.0, 10.67961981, 'gotags_flowering_plant', 0.058823529411764705, 0.94117647058823528, 0.058079376516681457, 0.94192062348331862]
[17.0, 11.860556125640869, 'mstags_stage', 0.52941176470588236, 0.47058823529411764, 0.56020952753965292, 0.43979047246034708]
[17.0, 12.555741190000001, 'gotags_fur', 0.17647058823529413, 0.82352941176470584, 0.15204948964068282, 0.84795051035931723]
[17.0, 12.719276770000002, 'gotags_bassist', 0.41176470588235292, 0.58823529411764708, 0.41184124968136843, 0.58815875031863141]
[17.0, 14.678605496883392, 'mstags_mammal', 0.058823529411764705, 0.94117647058823528, 0.063903540777135268, 0.93609645922286477]
[17.0, 15.035419259999998, 'gotags_forehead', 0.17647058823529413, 0.82352941176470584, 0.17921018186492529, 0.82078981813507479]
[18.0, 3.5342649817466736, 'i2vtags_denim', 0.44444444444444442, 0.55555555555555558, 0.45940912648690341, 0.54059087351309665]
[18.0, 4.097863495349884, 'i2vtags_cum', 0.27777777777777779, 0.72222222222222221, 0.27005023116769022, 0.72994976883230978]
[18.0, 5.1319728791713715, 'i2vtags_yuri', 0.77777777777777779, 0.22222222222222221, 0.9046916054538422, 0.09530839454615779]
[18.0, 6.1885582208633423, 'i2vtags_:3', 0.66666666666666663, 0.33333333333333331, 0.84880842107996457, 0.15119157892003546]
[18.0, 9.6866312000000008, 'gotags_mythology', 0.55555555555555558, 0.44444444444444442, 0.55107336593964673, 0.44892663406035316]
[18.0, 12.280627189999999, 'gotags_doll', 0.44444444444444442, 0.55555555555555558, 0.45019167217305617, 0.54980832782694389]
[18.0, 14.47127961, 'gotags_male', 0.16666666666666666, 0.83333333333333337, 0.16464422664831643, 0.83535577335168354]
[18.0, 17.145953297615051, 'mstags_animal', 0.16666666666666666, 0.83333333333333337, 0.16169780910652853, 0.83830219089347147]
[18.0, 17.412066909999997, 'gotags_sky', 0.16666666666666666, 0.83333333333333337, 0.16648891857491724, 0.83351108142508301]
[19.0, 2.0188914239406586, 'i2vtags_bell', 1.0, 0.0, 1.0, 0.0]
[19.0, 3.0473495423793793, 'i2vtags_sketch', 0.36842105263157893, 0.63157894736842102, 0.31435281372214197, 0.68564718627785803]
[19.0, 3.0548186302185059, 'i2vtags_two_side_up', 1.0, 0.0, 1.0, 0.0]
[19.0, 3.4834741353988647, 'i2vtags_chinese_clothes', 0.36842105263157893, 0.63157894736842102, 0.42590277452912323, 0.57409722547087672]
[19.0, 9.6389054699999992, 'gotags_number', 0.26315789473684209, 0.73684210526315785, 0.26402850177552373, 0.73597149822447627]
[19.0, 11.835889577865601, 'mstags_orange', 0.31578947368421051, 0.68421052631578949, 0.36231385183976117, 0.63768614816023883]
[19.0, 13.371219119999999, 'gotags_food', 0.73684210526315785, 0.26315789473684209, 0.70733727008132374, 0.29266272991867626]
[19.0, 14.092030520000002, 'gotags_darkness', 0.31578947368421051, 0.68421052631578949, 0.31637493288653479, 0.68362506711346527]
[19.0, 14.509210824966431, 'mstags_nature', 0.31578947368421051, 0.68421052631578949, 0.2804905309236268, 0.71950946907637325]
[19.0, 15.384742259979248, 'mstags_flower', 0.42105263157894735, 0.57894736842105265, 0.39680629747394808, 0.60319370252605187]
[19.0, 17.122086048126221, 'mstags_newspaper', 0.78947368421052633, 0.21052631578947367, 0.79144945068340233, 0.20855054931659764]
[19.0, 17.158469599999997, 'gotags_leisure', 0.15789473684210525, 0.84210526315789469, 0.16011818792976737, 0.83988181207023282]
[20.0, 4.2259090542793274, 'i2vtags_penis', 0.29999999999999999, 0.69999999999999996, 0.22165428903365603, 0.77834571096634397]
[20.0, 10.381426692008972, 'i2vtags_bikini', 0.34999999999999998, 0.65000000000000002, 0.30127676846762902, 0.69872323153237104]
[20.0, 10.871892988681793, 'mstags_accessory', 0.40000000000000002, 0.59999999999999998, 0.41547852630802057, 0.58452147369197949]
[20.0, 15.058659450000002, 'gotags_entertainment', 0.29999999999999999, 0.69999999999999996, 0.30066962833135846, 0.69933037166864143]
[21.0, 2.7833442687988281, 'i2vtags_mask', 0.47619047619047616, 0.52380952380952384, 0.50969333680652162, 0.49030666319347838]
[21.0, 2.8747362792491913, 'i2vtags_horns', 0.95238095238095233, 0.047619047619047616, 0.93723989192095636, 0.062760108079043586]
[21.0, 3.177512526512146, 'i2vtags_hair_over_one_eye', 0.66666666666666663, 0.33333333333333331, 0.64875968241044701, 0.35124031758955304]
[21.0, 3.9911054968833923, 'i2vtags_knee_boots', 0.95238095238095233, 0.047619047619047616, 0.96850144308573705, 0.031498556914262933]
[21.0, 14.087930380000001, 'gotags_musical_instrument', 0.19047619047619047, 0.80952380952380953, 0.18514350153964915, 0.81485649846035069]
[21.0, 16.420018300000002, 'gotags_bridal_clothing', 0.47619047619047616, 0.52380952380952384, 0.48392678770644237, 0.5160732122935574]
[22.0, 2.7127020061016083, 'i2vtags_bike_shorts', 0.95454545454545459, 0.045454545454545456, 0.95607175864827831, 0.043928241351721693]
[22.0, 3.1027917265892029, 'i2vtags_chain', 0.72727272727272729, 0.27272727272727271, 0.73572318667013137, 0.26427681332986863]
[22.0, 3.5653330385684967, 'i2vtags_glowing', 0.40909090909090912, 0.59090909090909094, 0.37517160124873861, 0.62482839875126139]
[22.0, 3.6814057528972626, 'i2vtags_striped_legwear', 0.95454545454545459, 0.045454545454545456, 0.95065768321880839, 0.049342316781191657]
[22.0, 14.943531180000003, 'gotags_string_instrument', 0.18181818181818182, 0.81818181818181823, 0.20577623072888718, 0.79422376927111271]
[22.0, 15.484322479999999, 'gotags_picture_frame', 0.31818181818181818, 0.68181818181818177, 0.33628104340539416, 0.66371895659460589]
[22.0, 17.801173567771912, 'mstags_young', 0.31818181818181818, 0.68181818181818177, 0.31857479327575622, 0.68142520672424378]
[23.0, 4.2543232440948486, 'mstags_colored', 0.43478260869565216, 0.56521739130434778, 0.4888832718978588, 0.51111672810214126]
[23.0, 4.3197266459465027, 'i2vtags_pointy_ears', 0.91304347826086951, 0.086956521739130432, 0.94314176673855044, 0.056858233261449537]
[23.0, 9.8316256105899811, 'mstags_bunch', 0.65217391304347827, 0.34782608695652173, 0.64372982653099586, 0.35627017346900419]
[23.0, 10.433766812086105, 'mstags_dark', 0.30434782608695654, 0.69565217391304346, 0.26697060325935867, 0.73302939674064138]
[23.0, 15.032566760000002, 'gotags_plucked_string_instruments', 0.13043478260869565, 0.86956521739130432, 0.10101104117764116, 0.89898895882235885]
[23.0, 18.09860862, 'gotags_comics_artist', 0.86956521739130432, 0.13043478260869565, 0.86647134590614727, 0.13352865409385264]
[23.0, 18.997745109999997, 'gotags_girl', 0.60869565217391308, 0.39130434782608697, 0.60435969024325964, 0.39564030975674042]
[23.0, 21.57608238000001, 'gotags_white', 0.34782608695652173, 0.65217391304347827, 0.34745178378392882, 0.65254821621607073]
[23.0, 22.398995041847229, 'mstags_ground', 0.30434782608695654, 0.69565217391304346, 0.30377308368603084, 0.69622691631396916]
[24.0, 3.6755789816379547, 'i2vtags_bob_cut', 0.91666666666666663, 0.083333333333333329, 0.94295655631530728, 0.057043443684692774]
[24.0, 4.6342251002788544, 'i2vtags_microphone', 0.875, 0.125, 0.92554870088989949, 0.074451299110100483]
[24.0, 14.062622249999999, 'gotags_singing', 0.5, 0.5, 0.49272826410451293, 0.50727173589548724]
[24.0, 16.177650109999998, 'gotags_dance', 0.33333333333333331, 0.66666666666666663, 0.29393021592553165, 0.7060697840744683]
[24.0, 18.026905298233032, 'mstags_black', 0.16666666666666666, 0.83333333333333337, 0.16092016723484087, 0.83907983276515918]
[24.0, 22.937946610000001, 'gotags_human_action', 0.083333333333333329, 0.91666666666666663, 0.083557178093893902, 0.91644282190610615]
[25.0, 4.3322553336620331, 'i2vtags_casual', 0.80000000000000004, 0.20000000000000001, 0.87040412862488337, 0.12959587137511663]
[25.0, 4.340877890586853, 'i2vtags_checkered', 0.88, 0.12, 0.9090562832244139, 0.090943716775586089]
[25.0, 4.8699280619621277, 'i2vtags_sandals', 0.44, 0.56000000000000005, 0.35219080597624336, 0.6478091940237567]
[25.0, 5.9299679696559906, 'i2vtags_beach', 0.52000000000000002, 0.47999999999999998, 0.49862207238156775, 0.50137792761843225]
[25.0, 6.1106516718864441, 'mstags_clothes', 0.76000000000000001, 0.23999999999999999, 0.73526644721816115, 0.26473355278183885]
[25.0, 17.531452329999997, 'gotags_layered_hair', 0.35999999999999999, 0.64000000000000001, 0.36414653274763809, 0.63585346725236214]
[25.0, 17.897851650000003, 'gotags_toddler', 0.47999999999999998, 0.52000000000000002, 0.48652649269221082, 0.51347350730778896]
[25.0, 22.726147174835205, 'mstags_music', 0.44, 0.56000000000000005, 0.44002793946351654, 0.55997206053648341]
[25.0, 24.475096642971039, 'mstags_water', 0.44, 0.56000000000000005, 0.43960633687584683, 0.56039366312415317]
[26.0, 3.2624624967575073, 'i2vtags_cat', 0.80769230769230771, 0.19230769230769232, 0.81900758888666525, 0.18099241111333475]
[26.0, 3.5508368611335754, 'i2vtags_cup', 0.84615384615384615, 0.15384615384615385, 0.87669035233435755, 0.12330964766564242]
[26.0, 5.0195825695991516, 'i2vtags_multicolored_hair', 0.88461538461538458, 0.11538461538461539, 0.91631038154289146, 0.083689618457108539]
[26.0, 5.1631793677806854, 'i2vtags_cat_ears', 0.96153846153846156, 0.038461538461538464, 0.94956160159516478, 0.050438398404835175]
[26.0, 15.161590569999996, 'gotags_writing', 0.26923076923076922, 0.73076923076923073, 0.26382519904704171, 0.73617480095295851]
[26.0, 18.501956829999994, 'gotags_vehicle', 0.34615384615384615, 0.65384615384615385, 0.3268414630713416, 0.67315853692865868]
[26.0, 18.775659919999999, 'gotags_footwear', 0.38461538461538464, 0.61538461538461542, 0.35551957046737992, 0.64448042953262008]
[26.0, 21.896761170000005, 'gotags_plant', 0.15384615384615385, 0.84615384615384615, 0.14186476647769911, 0.8581352335223007]
[27.0, 4.6478411555290222, 'i2vtags_hetero', 0.55555555555555558, 0.44444444444444442, 0.64517859466090588, 0.35482140533909412]
[27.0, 4.9305253326892853, 'i2vtags_couple', 0.66666666666666663, 0.33333333333333331, 0.71008638325437357, 0.28991361674562643]
[27.0, 5.1639253795146942, 'i2vtags_full_moon', 0.70370370370370372, 0.29629629629629628, 0.78320757762351823, 0.2167924223764818]
[27.0, 7.2727093696594238, 'i2vtags_magical_girl', 1.0, 0.0, 1.0, 0.0]
[27.0, 10.018114179372787, 'i2vtags_christmas', 0.81481481481481477, 0.18518518518518517, 0.89748300301567918, 0.10251699698432076]
[27.0, 16.054117679595947, 'mstags_lady', 0.55555555555555558, 0.44444444444444442, 0.55789309483729688, 0.44210690516270307]
[27.0, 20.348381140000001, 'gotags_close_up', 0.18518518518518517, 0.81481481481481477, 0.18529214113197015, 0.81470785886802988]
[27.0, 21.436686399999999, 'gotags_performing_arts', 0.22222222222222221, 0.77777777777777779, 0.22475398856420273, 0.7752460114357973]
[27.0, 23.439045479999997, 'gotags_yellow', 0.22222222222222221, 0.77777777777777779, 0.21497104198630534, 0.78502895801369477]
[28.0, 4.044176459312439, 'i2vtags_^_^', 1.0, 0.0, 1.0, 0.0]
[28.0, 4.353646457195282, 'i2vtags_drill_hair', 0.9642857142857143, 0.035714285714285712, 0.9725741332046367, 0.027425866795363279]
[28.0, 4.7118127048015594, 'i2vtags_hug', 0.9642857142857143, 0.035714285714285712, 0.97762367618934887, 0.022376323810651109]
[28.0, 17.967407290000001, 'gotags_sports', 0.32142857142857145, 0.6785714285714286, 0.31358893796189996, 0.68641106203809998]
[28.0, 19.815225039999998, 'gotags_child', 0.39285714285714285, 0.6071428571428571, 0.39166805546408273, 0.60833194453591743]
[28.0, 20.259340410000004, 'gotags_sitting', 0.4642857142857143, 0.5357142857142857, 0.44732824250915471, 0.55267175749084507]
[28.0, 20.389954310000004, 'gotags_guitar', 0.21428571428571427, 0.7857142857142857, 0.16743061843575066, 0.83256938156424931]
[28.0, 23.189858410000003, 'gotags_lady', 0.6071428571428571, 0.39285714285714285, 0.60801779772488063, 0.39198220227511943]
[28.0, 26.025858929999991, 'gotags_photograph', 0.2857142857142857, 0.7142857142857143, 0.28582226469480065, 0.71417773530519957]
[28.0, 27.776799440383911, 'mstags_grass', 0.35714285714285715, 0.6428571428571429, 0.35774650019264087, 0.64225349980735913]
[29.0, 5.0934074819087982, 'i2vtags_blunt_bangs', 0.82758620689655171, 0.17241379310344829, 0.87007051433037363, 0.12992948566962634]
[29.0, 5.693706601858139, 'i2vtags_grey_hair', 0.82758620689655171, 0.17241379310344829, 0.85223886775781621, 0.14776113224218376]
[29.0, 16.681379579999998, 'gotags_action_figure', 0.58620689655172409, 0.41379310344827586, 0.55948460768734576, 0.44051539231265441]
[29.0, 25.808277820000004, 'gotags_cheek', 0.13793103448275862, 0.86206896551724133, 0.14016108572718392, 0.859838914272816]
[30.0, 4.3901870548725128, 'i2vtags_chair', 0.76666666666666672, 0.23333333333333334, 0.80019170155002062, 0.19980829844997938]
[30.0, 5.4490206837654114, 'i2vtags_bracelet', 0.56666666666666665, 0.43333333333333335, 0.57646943897475067, 0.42353056102524939]
[30.0, 7.172520637512207, 'i2vtags_ass', 0.23333333333333334, 0.76666666666666672, 0.14776878413888278, 0.85223121586111727]
[30.0, 9.038290947675705, 'i2vtags_cherry_blossoms', 0.46666666666666667, 0.53333333333333333, 0.47383180660040441, 0.52616819339959553]
[30.0, 20.377725273370743, 'mstags_suit', 0.23333333333333334, 0.76666666666666672, 0.21565879353953984, 0.78434120646046013]
[30.0, 24.706311106681824, 'mstags_wearing', 0.36666666666666664, 0.6333333333333333, 0.36008409229867361, 0.63991590770132634]
[31.0, 4.0610310137271881, 'i2vtags_coat', 0.77419354838709675, 0.22580645161290322, 0.77924453106058933, 0.22075546893941067]
[31.0, 4.384775310754776, 'i2vtags_window', 0.77419354838709675, 0.22580645161290322, 0.72652188837870424, 0.27347811162129576]
[31.0, 4.7284146845340729, 'i2vtags_profile', 0.35483870967741937, 0.64516129032258063, 0.38925218418849516, 0.61074781581150484]
[31.0, 6.3847281336784363, 'i2vtags_antenna_hair', 1.0, 0.0, 1.0, 0.0]
[31.0, 7.0150508880615234, 'i2vtags_maid', 0.74193548387096775, 0.25806451612903225, 0.83328688198206213, 0.16671311801793792]
[31.0, 16.237983450000002, 'gotags_fiction', 0.70967741935483875, 0.29032258064516131, 0.70157246957903519, 0.29842753042096493]
[32.0, 5.0671071708202362, 'i2vtags_twin_braids', 0.96875, 0.03125, 0.96947655060006477, 0.030523449399935256]
[32.0, 7.1195021271705627, 'i2vtags_table', 0.84375, 0.15625, 0.91610722637556019, 0.083892773624439781]
[32.0, 21.801391363143921, 'mstags_abstract', 0.4375, 0.5625, 0.45462349038862077, 0.54537650961137918]
[32.0, 25.494185745716095, 'mstags_red', 0.5, 0.5, 0.49190564931695113, 0.50809435068304887]
[33.0, 4.7035246193408966, 'i2vtags_tattoo', 0.51515151515151514, 0.48484848484848486, 0.48368877409132272, 0.51631122590867728]
[33.0, 5.3070253729820251, 'i2vtags_fruit', 0.75757575757575757, 0.24242424242424243, 0.75797435184077344, 0.24202564815922656]
[33.0, 5.3813704550266266, 'i2vtags_headband', 0.69696969696969702, 0.30303030303030304, 0.71017713694095008, 0.28982286305904992]
[33.0, 9.1612495481967926, 'i2vtags_plaid_skirt', 0.93939393939393945, 0.060606060606060608, 0.96518063526404196, 0.034819364735958078]
[33.0, 16.808809529999998, 'gotags_fashion_design', 0.33333333333333331, 0.66666666666666663, 0.33351597089576879, 0.66648402910423143]
[33.0, 23.401855490000003, 'gotags_arm', 0.090909090909090912, 0.90909090909090906, 0.090031296061131263, 0.90996870393886864]
[34.0, 4.9139357805252075, 'i2vtags_:o', 1.0, 0.0, 1.0, 0.0]
[34.0, 5.0502020716667175, 'i2vtags_military_uniform', 0.44117647058823528, 0.55882352941176472, 0.414155738533313, 0.585844261466687]
[34.0, 5.3016578853130341, 'i2vtags_from_behind', 0.23529411764705882, 0.76470588235294112, 0.20477733162162601, 0.79522266837837396]
[34.0, 7.1475715935230255, 'i2vtags_dark_skin', 0.5, 0.5, 0.62798071263883715, 0.37201928736116285]
[34.0, 21.239422119999997, 'gotags_wig', 0.61764705882352944, 0.38235294117647056, 0.61744005773354838, 0.3825599422664519]
[34.0, 23.709689700000002, 'gotags_logo', 0.23529411764705882, 0.76470588235294112, 0.23320939413222264, 0.76679060586777725]
[34.0, 26.346451330000004, 'gotags_sleeve', 0.38235294117647056, 0.61764705882352944, 0.37259118987391909, 0.62740881012608074]
[34.0, 29.089575359999998, 'gotags_brown', 0.41176470588235292, 0.58823529411764708, 0.41183150292641468, 0.58816849707358532]
[35.0, 5.5078023076057434, 'i2vtags_siblings', 0.91428571428571426, 0.085714285714285715, 0.93242762621208986, 0.067572373787910173]
[35.0, 20.059887330000002, 'gotags_neck', 0.31428571428571428, 0.68571428571428572, 0.30659514476943972, 0.69340485523056028]
[35.0, 23.998056089999999, 'gotags_painting', 0.37142857142857144, 0.62857142857142856, 0.36582818237758358, 0.63417181762241637]
[35.0, 26.995377421379089, 'mstags_sport', 0.37142857142857144, 0.62857142857142856, 0.35170983496538116, 0.64829016503461889]
[35.0, 31.177739429999992, 'gotags_people', 0.11428571428571428, 0.88571428571428568, 0.11295043432852248, 0.88704956567147752]
[36.0, 5.8898086249828339, 'i2vtags_fang', 1.0, 0.0, 1.0, 0.0]
[36.0, 10.153986364603043, 'i2vtags_lying', 0.77777777777777779, 0.22222222222222221, 0.8130633346134496, 0.18693666538655043]
[36.0, 21.43179022, 'gotags_photomontage', 0.44444444444444442, 0.55555555555555558, 0.46248464772440279, 0.53751535227559721]
[36.0, 26.719654680000005, 'gotags_eyelash', 0.25, 0.75, 0.24241138096923937, 0.75758861903076058]
[37.0, 19.152963279999998, 'gotags_fictional_character', 0.7567567567567568, 0.24324324324324326, 0.75393116766837975, 0.24606883233162027]
[37.0, 22.297716899999994, 'gotags_bangs', 0.40540540540540543, 0.59459459459459463, 0.40184225542840218, 0.59815774457159809]
[37.0, 22.479090379999992, 'gotags_circle', 0.24324324324324326, 0.7567567567567568, 0.2572826810263486, 0.74271731897365167]
[37.0, 22.548297460000001, 'gotags_games', 0.78378378378378377, 0.21621621621621623, 0.76362041482488052, 0.23637958517511945]
[37.0, 23.064134440000007, 'gotags_gentleman', 0.1891891891891892, 0.81081081081081086, 0.19059356775063951, 0.80940643224936026]
[37.0, 25.74936543405056, 'mstags_sign', 0.27027027027027029, 0.72972972972972971, 0.28007079259556628, 0.71992920740443367]
[37.0, 35.07119083404541, 'mstags_floor', 0.67567567567567566, 0.32432432432432434, 0.67063294604738799, 0.32936705395261195]
[38.0, 5.8564968407154083, 'i2vtags_nail_polish', 0.65789473684210531, 0.34210526315789475, 0.6752217180247917, 0.3247782819752083]
[38.0, 24.910923530000002, 'gotags_leg', 0.15789473684210525, 0.84210526315789469, 0.15606814598093705, 0.8439318540190629]
[38.0, 26.267243869999994, 'gotags_gravure_idol', 0.71052631578947367, 0.28947368421052633, 0.71169309245081458, 0.28830690754918559]
[38.0, 32.733615360000002, 'gotags_human_positions', 0.47368421052631576, 0.52631578947368418, 0.46791845634982132, 0.53208154365017868]
[38.0, 36.608575701713562, 'mstags_man', 0.10526315789473684, 0.89473684210526316, 0.10499745500570538, 0.89500254499429466]
[39.0, 7.7001020610332489, 'i2vtags_large_breasts', 0.69230769230769229, 0.30769230769230771, 0.79409488819886287, 0.2059051118011371]
[39.0, 10.776318937540054, 'i2vtags_petals', 0.76923076923076927, 0.23076923076923078, 0.74162566320615142, 0.25837433679384858]
[39.0, 13.274725466966629, 'mstags_female', 0.4358974358974359, 0.5641025641025641, 0.46514321587241969, 0.53485678412758031]
[39.0, 22.767677515745163, 'mstags_plant', 0.35897435897435898, 0.64102564102564108, 0.31557262632420058, 0.68442737367579942]
[39.0, 35.050366339999997, 'gotags_woman', 0.38461538461538464, 0.61538461538461542, 0.38110775677558872, 0.61889224322441139]
[40.0, 5.1465940475463867, 'i2vtags_shirt', 0.77500000000000002, 0.22500000000000001, 0.76924847403779606, 0.23075152596220394]
[40.0, 6.3365928828716278, 'i2vtags_helmet', 0.40000000000000002, 0.59999999999999998, 0.44597879487552428, 0.55402120512447572]
[40.0, 9.3884752094745636, 'i2vtags_hair_bobbles', 0.94999999999999996, 0.050000000000000003, 0.97617658243091621, 0.023823417569083804]
[40.0, 11.289209753274918, 'i2vtags_nature', 0.27500000000000002, 0.72499999999999998, 0.25483660279467518, 0.74516339720532487]
[40.0, 16.645835161209106, 'mstags_decorated', 0.80000000000000004, 0.20000000000000001, 0.77934513676927142, 0.22065486323072864]
[40.0, 24.13336177, 'gotags_portrait', 0.22500000000000001, 0.77500000000000002, 0.2194152128686214, 0.78058478713137869]
[40.0, 28.047244679999988, 'gotags_petal', 0.27500000000000002, 0.72499999999999998, 0.27222059197295823, 0.72777940802704255]
[40.0, 31.888109909999994, 'gotags_blond', 0.25, 0.75, 0.24807595063886936, 0.75192404936113078]
[40.0, 36.506962360000003, 'gotags_red', 0.47499999999999998, 0.52500000000000002, 0.47693238315213243, 0.52306761684786751]
[40.0, 37.295196359999998, 'gotags_black', 0.17499999999999999, 0.82499999999999996, 0.17556817496804297, 0.82443182503195711]
[41.0, 8.4272610545158386, 'i2vtags_detached_sleeves', 0.90243902439024393, 0.097560975609756101, 0.93405137082227929, 0.065948629177720652]
[41.0, 14.931522637605667, 'i2vtags_swimsuit', 0.31707317073170732, 0.68292682926829273, 0.3383891985633648, 0.6616108014366352]
[41.0, 27.802021100000001, 'gotags_monochrome', 0.1951219512195122, 0.80487804878048785, 0.1823625984515205, 0.81763740154847941]
[41.0, 28.526289150000004, 'gotags_vision_care', 0.24390243902439024, 0.75609756097560976, 0.23463732155291567, 0.76536267844708428]
[41.0, 36.469859509999999, 'gotags_performance', 0.43902439024390244, 0.56097560975609762, 0.43903312639879155, 0.56096687360120823]
[42.0, 5.9369732737541199, 'i2vtags_book', 0.80952380952380953, 0.19047619047619047, 0.83570486494256568, 0.16429513505743432]
[42.0, 6.5713909566402435, 'i2vtags_headphones', 0.8571428571428571, 0.14285714285714285, 0.87604524769197556, 0.12395475230802443]
[42.0, 41.58946305513382, 'mstags_tree', 0.47619047619047616, 0.52380952380952384, 0.47863822280244467, 0.52136177719755539]
[43.0, 6.526827335357666, 'i2vtags_bangs', 0.86046511627906974, 0.13953488372093023, 0.85872233721556412, 0.14127766278443593]
[43.0, 29.595477639999988, 'gotags_bride', 0.55813953488372092, 0.44186046511627908, 0.5573410488806021, 0.44265895111939835]
[43.0, 41.661140390000007, 'gotags_color', 0.2558139534883721, 0.7441860465116279, 0.25581395348837205, 0.74418604651162745]
[45.0, 8.6504397392272949, 'i2vtags_rose', 0.77777777777777779, 0.22222222222222221, 0.7617184664186174, 0.23828153358138263]
[46.0, 6.8289817273616791, 'i2vtags_striped', 0.86956521739130432, 0.13043478260869565, 0.86503240516998059, 0.13496759483001947]
[46.0, 7.2626390904188156, 'mstags_several', 0.54347826086956519, 0.45652173913043476, 0.60849062285781952, 0.39150937714218043]
[46.0, 7.4198265373706818, 'i2vtags_snow', 0.52173913043478259, 0.47826086956521741, 0.46226205356899891, 0.53773794643100115]
[46.0, 24.79887643456459, 'mstags_dress', 0.63043478260869568, 0.36956521739130432, 0.63587212726079767, 0.36412787273920233]
[46.0, 32.145862269999988, 'gotags_stage', 0.5, 0.5, 0.49672782008096389, 0.5032721799190365]
[46.0, 42.102315719999993, 'gotags_blue', 0.43478260869565216, 0.56521739130434778, 0.43510265306613405, 0.56489734693386628]
[47.0, 9.505374014377594, 'i2vtags_grass', 0.2978723404255319, 0.7021276595744681, 0.28184745406912298, 0.71815254593087707]
[47.0, 45.301875174045563, 'mstags_book', 0.51063829787234039, 0.48936170212765956, 0.51033741286117229, 0.48966258713882765]
[48.0, 21.688412487506866, 'mstags_colorful', 0.5625, 0.4375, 0.5624151339426906, 0.43758486605730945]
[48.0, 26.537352420000001, 'gotags_ear', 0.29166666666666669, 0.70833333333333337, 0.28520619804920239, 0.71479380195079778]
[49.0, 7.6229355335235596, 'i2vtags_pants', 0.5714285714285714, 0.42857142857142855, 0.55299007591082816, 0.4470099240891719]
[49.0, 9.7448799908161163, 'i2vtags_tail', 0.7142857142857143, 0.2857142857142857, 0.76417370110804195, 0.23582629889195802]
[49.0, 11.443297415971756, 'i2vtags_pink_eyes', 0.97959183673469385, 0.020408163265306121, 0.98907309829019507, 0.010926901709804883]
[50.0, 8.8356978893280029, 'i2vtags_ocean', 0.41999999999999998, 0.57999999999999996, 0.43986952248247235, 0.56013047751752765]
[50.0, 26.13419034999999, 'gotags_presentation', 0.16, 0.83999999999999997, 0.15922607795653412, 0.8407739220434659]
[50.0, 31.575060299999993, 'gotags_finger', 0.14000000000000001, 0.85999999999999999, 0.13018533237765506, 0.86981466762234483]
[51.0, 3.6112472442910075, 'mstags_crowd', 0.15686274509803921, 0.84313725490196079, 0.12327819920029998, 0.87672180079970008]
[51.0, 27.452548160000003, 'gotags_abdomen', 0.37254901960784315, 0.62745098039215685, 0.37370213432311122, 0.62629786567688872]
[52.0, 28.749009020000003, 'gotags_computer_wallpaper', 0.63461538461538458, 0.36538461538461536, 0.61723148396716443, 0.38276851603283535]
[52.0, 33.204174890000004, 'gotags_modern_art', 0.30769230769230771, 0.69230769230769229, 0.33080926348536038, 0.66919073651463956]
[53.0, 7.6385173499584198, 'i2vtags_scar', 0.32075471698113206, 0.67924528301886788, 0.34617284251954494, 0.65382715748045506]
[53.0, 8.2193205952644348, 'i2vtags_blood', 0.49056603773584906, 0.50943396226415094, 0.5263362701973382, 0.4736637298026618]
[54.0, 20.427338659763336, 'mstags_beautiful', 0.40740740740740738, 0.59259259259259256, 0.3627877999557958, 0.6372122000442042]
[54.0, 29.810424983501434, 'mstags_hairpiece', 0.3888888888888889, 0.61111111111111116, 0.42423015515387708, 0.57576984484612292]
[54.0, 32.768028090000001, 'gotags_outerwear', 0.33333333333333331, 0.66666666666666663, 0.32914330427138005, 0.67085669572861995]
[55.0, 9.0281733274459839, 'i2vtags_holding_hands', 0.94545454545454544, 0.054545454545454543, 0.95854442521290395, 0.041455574787096071]
[55.0, 32.771482119999995, 'gotags_formal_wear', 0.43636363636363634, 0.5636363636363636, 0.43413889057270377, 0.56586110942729617]
[56.0, 12.584613263607025, 'i2vtags_blazer', 0.9285714285714286, 0.071428571428571425, 0.89951544694615082, 0.10048455305384914]
[56.0, 36.09502023000001, 'gotags_spring', 0.42857142857142855, 0.5714285714285714, 0.42457153597223501, 0.5754284640277646]
[56.0, 54.716817140579224, 'mstags_wall', 0.125, 0.875, 0.12535195855894166, 0.87464804144105834]
[57.0, 9.0195042490959167, 'i2vtags_frills', 0.98245614035087714, 0.017543859649122806, 0.98875750996197376, 0.011242490038026218]
[57.0, 9.2389321625232697, 'i2vtags_screencap', 0.22807017543859648, 0.77192982456140347, 0.25389750321251492, 0.74610249678748508]
[57.0, 41.271360659999999, 'gotags_music', 0.40350877192982454, 0.59649122807017541, 0.40955317682031572, 0.59044682317968433]
[57.0, 42.022897089999987, 'gotags_gown', 0.64912280701754388, 0.35087719298245612, 0.65599352398195165, 0.34400647601804846]
[58.0, 9.9738462865352631, 'i2vtags_elbow_gloves', 0.91379310344827591, 0.086206896551724144, 0.92599917911772689, 0.074000820882273069]
[58.0, 21.689432680606842, 'mstags_dressed', 0.48275862068965519, 0.51724137931034486, 0.49707612058763184, 0.50292387941236816]
[58.0, 33.597892000000037, 'gotags_sense', 0.2413793103448276, 0.75862068965517238, 0.24137931034482732, 0.75862068965517238]
[58.0, 40.13205421, 'gotags_fashion_accessory', 0.41379310344827586, 0.58620689655172409, 0.41253102129705316, 0.58746897870294679]
[58.0, 54.539227380000014, 'gotags_eyebrow', 0.18965517241379309, 0.81034482758620685, 0.1890296625980549, 0.81097033740194502]
[59.0, 10.893594294786453, 'i2vtags_choker', 0.9152542372881356, 0.084745762711864403, 0.93474669267052157, 0.065253307329478441]
[60.0, 10.574575185775757, 'i2vtags_short_twintails', 1.0, 0.0, 1.0, 0.0]
[60.0, 45.162451090000005, 'gotags_guitarist', 0.41666666666666669, 0.58333333333333337, 0.40989928454301694, 0.59010071545698273]
[61.0, 7.9571710824966431, 'i2vtags_crossover', 0.70491803278688525, 0.29508196721311475, 0.72457406816392533, 0.27542593183607467]
[61.0, 9.4526806771755219, 'i2vtags_legs', 0.60655737704918034, 0.39344262295081966, 0.59310985494196655, 0.40689014505803345]
[61.0, 11.964088171720505, 'i2vtags_panties', 0.5901639344262295, 0.4098360655737705, 0.62662096791704747, 0.37337903208295253]
[61.0, 34.38468953000001, 'gotags_textile', 0.32786885245901637, 0.67213114754098358, 0.32151244321559519, 0.67848755678440453]
[61.0, 35.18806111, 'gotags_portrait_photography', 0.42622950819672129, 0.57377049180327866, 0.42029432749271478, 0.57970567250728533]
[62.0, 9.9677961468696594, 'i2vtags_star', 0.67741935483870963, 0.32258064516129031, 0.67145867394449799, 0.32854132605550201]
[62.0, 15.065571904182434, 'i2vtags_plaid', 0.93548387096774188, 0.064516129032258063, 0.96109936093348669, 0.038900639066513309]
[62.0, 46.023615380000017, 'gotags_product', 0.27419354838709675, 0.72580645161290325, 0.2763225219270028, 0.72367747807299665]
[63.0, 18.198152631521225, 'i2vtags_mecha', 0.53968253968253965, 0.46031746031746029, 0.63336267495135234, 0.3666373250486476]
[64.0, 37.583180249999991, 'gotags_shape', 0.234375, 0.765625, 0.23474948397960554, 0.76525051602039451]
[65.0, 43.181345479999997, 'gotags_monochrome_photography', 0.12307692307692308, 0.87692307692307692, 0.11972917153298486, 0.88027082846701532]
[66.0, 12.917489737272263, 'i2vtags_shorts', 0.66666666666666663, 0.33333333333333331, 0.6871293162336366, 0.31287068376636346]
[66.0, 52.632309590000006, 'gotags_musician', 0.2878787878787879, 0.71212121212121215, 0.28517436051964062, 0.71482563948035893]
[67.0, 9.4970114231109619, 'i2vtags_hair_flower', 0.85074626865671643, 0.14925373134328357, 0.87066569879266753, 0.12933430120733247]
[67.0, 9.844605952501297, 'i2vtags_bust', 0.62686567164179108, 0.37313432835820898, 0.65103719669122195, 0.3489628033087781]
[67.0, 9.9498244524002075, 'i2vtags_fingerless_gloves', 0.79104477611940294, 0.20895522388059701, 0.79780113567601973, 0.20219886432398029]
[67.0, 10.311861455440521, 'i2vtags_wallpaper', 0.55223880597014929, 0.44776119402985076, 0.58037593186903358, 0.41962406813096648]
[67.0, 13.478887796401978, 'i2vtags_white_legwear', 0.94029850746268662, 0.059701492537313432, 0.96370606529780112, 0.036293934702198848]
[67.0, 39.656593509999993, 'gotags_hand', 0.20895522388059701, 0.79104477611940294, 0.20100746116758431, 0.79899253883241594]
[68.0, 12.95700478553772, 'i2vtags_instrument', 0.79411764705882348, 0.20588235294117646, 0.77946825960224175, 0.2205317403977583]
[68.0, 19.218293145298958, 'mstags_close', 0.17647058823529413, 0.82352941176470584, 0.17811706736120225, 0.82188293263879775]
[68.0, 36.492995340000007, 'gotags_interaction', 0.41176470588235292, 0.58823529411764708, 0.40410165245701091, 0.59589834754298876]
[68.0, 39.131886320000007, 'gotags_emotion', 0.41176470588235292, 0.58823529411764708, 0.41072070966805363, 0.58927929033194626]
[68.0, 58.227945387363434, 'mstags_girl', 0.47058823529411764, 0.52941176470588236, 0.47085734015239306, 0.52914265984760689]
[69.0, 36.792776599999989, 'gotags_artwork', 0.92753623188405798, 0.072463768115942032, 0.92829330581155456, 0.071706694188445691]
[69.0, 41.656440179999983, 'gotags_design', 0.34782608695652173, 0.65217391304347827, 0.35033189722742181, 0.6496681027725788]
[70.0, 11.38269579410553, 'i2vtags_white_background', 0.32857142857142857, 0.67142857142857137, 0.27719417169442989, 0.72280582830557016]
[70.0, 12.747331142425537, 'i2vtags_military', 0.42857142857142855, 0.5714285714285714, 0.35829910671384763, 0.64170089328615232]
[70.0, 13.588659226894379, 'i2vtags_double_bun', 0.84285714285714286, 0.15714285714285714, 0.78318793767542749, 0.21681206232457251]
[70.0, 15.103898793458939, 'i2vtags_moon', 0.59999999999999998, 0.40000000000000002, 0.66635809954028569, 0.33364190045971437]
[70.0, 16.56982234120369, 'i2vtags_side_ponytail', 0.95714285714285718, 0.042857142857142858, 0.96378612273774367, 0.036213877262256361]
[71.0, 16.245065033435822, 'i2vtags_navel', 0.84507042253521125, 0.15492957746478872, 0.84167628687408058, 0.15832371312591942]
[71.0, 49.871160099999997, 'gotags_mouth', 0.42253521126760563, 0.57746478873239437, 0.40451841484232887, 0.59548158515767124]
[71.0, 59.399964009999984, 'gotags_photography', 0.352112676056338, 0.647887323943662, 0.35213992228141083, 0.64786007771858933]
[72.0, 19.970939844846725, 'i2vtags_night', 0.56944444444444442, 0.43055555555555558, 0.53021661435068179, 0.46978338564931826]
[72.0, 65.717369970000021, 'gotags_black_and_white', 0.16666666666666666, 0.83333333333333337, 0.16334003498466534, 0.83665996501533468]
[73.0, 9.857937216758728, 'i2vtags_standing', 0.46575342465753422, 0.53424657534246578, 0.46748091838076861, 0.53251908161923134]
[73.0, 46.164783190000009, 'gotags_glasses', 0.38356164383561642, 0.61643835616438358, 0.36790260554454474, 0.6320973944554551]
[74.0, 13.267042130231857, 'i2vtags_cape', 0.66216216216216217, 0.33783783783783783, 0.71885211361175294, 0.28114788638824706]
[74.0, 15.490241497755051, 'i2vtags_chibi', 0.7567567567567568, 0.24324324324324326, 0.77432491264751302, 0.22567508735248692]
[75.0, 20.377399116754532, 'i2vtags_animal_ears', 0.81333333333333335, 0.18666666666666668, 0.85779552898834222, 0.14220447101165778]
[76.0, 46.974049249999986, 'gotags_musical_theatre', 0.30263157894736842, 0.69736842105263153, 0.31203797956591967, 0.68796202043408061]
[76.0, 49.779619670000002, 'gotags_lip', 0.18421052631578946, 0.81578947368421051, 0.16682548310036135, 0.8331745168996384]
[77.0, 15.101517140865326, 'i2vtags_scarf', 0.7142857142857143, 0.2857142857142857, 0.73799658681255786, 0.26200341318744214]
[77.0, 19.623165011405945, 'i2vtags_green_hair', 0.74025974025974028, 0.25974025974025972, 0.82671635405934107, 0.17328364594065893]
[78.0, 13.400759816169739, 'i2vtags_grin', 0.89743589743589747, 0.10256410256410256, 0.89737931769023105, 0.10262068230976892]
[78.0, 15.159882575273514, 'i2vtags_high_heels', 0.64102564102564108, 0.35897435897435898, 0.58354004120171532, 0.41645995879828468]
[79.0, 46.990138289999997, 'gotags_line', 0.189873417721519, 0.810126582278481, 0.18471673154975943, 0.81528326845024068]
[80.0, 44.517930060625076, 'mstags_hair', 0.33750000000000002, 0.66249999999999998, 0.31258186492682744, 0.68741813507317262]
[81.0, 13.249966204166412, 'i2vtags_bag', 0.72839506172839508, 0.27160493827160492, 0.73404361483164382, 0.26595638516835624]
[81.0, 13.876266807317734, 'i2vtags_very_long_hair', 0.9135802469135802, 0.086419753086419748, 0.92826277787427836, 0.071737222125721631]
[81.0, 72.988011540000031, 'gotags_image', 0.37037037037037035, 0.62962962962962965, 0.3704313194665228, 0.62956868053347692]
[84.0, 14.43153965473175, 'i2vtags_pleated_skirt', 0.86904761904761907, 0.13095238095238096, 0.85497287476746442, 0.14502712523253553]
[85.0, 19.965635061264038, 'i2vtags_zettai_ryouiki', 0.94117647058823528, 0.058823529411764705, 0.95303062767483193, 0.046969372325168048]
[85.0, 47.811341100000014, 'gotags_romance', 0.36470588235294116, 0.63529411764705879, 0.36421580883034466, 0.63578419116965534]
[86.0, 75.778043769999996, 'gotags_pink', 0.44186046511627908, 0.55813953488372092, 0.44239736145408298, 0.55760263854591718]
[87.0, 17.069877505302429, 'i2vtags_underwear', 0.55172413793103448, 0.44827586206896552, 0.5799666034908767, 0.4200333965091233]
[87.0, 17.637293785810471, 'i2vtags_heart', 0.85057471264367812, 0.14942528735632185, 0.87982930990236508, 0.1201706900976349]
[88.0, 47.911822980000004, 'gotags_human_body', 0.13636363636363635, 0.86363636363636365, 0.13636545039681142, 0.86363454960318875]
[88.0, 87.451180934906006, 'mstags_sky', 0.32954545454545453, 0.67045454545454541, 0.33015703914001571, 0.66984296085998429]
[89.0, 20.804058015346527, 'i2vtags_nude', 0.34831460674157305, 0.651685393258427, 0.37238234909232026, 0.62761765090767974]
[90.0, 15.730874985456467, 'i2vtags_wings', 0.78888888888888886, 0.21111111111111111, 0.82345405333797994, 0.17654594666202006]
[90.0, 17.887900143861771, 'i2vtags_kneehighs', 0.8666666666666667, 0.13333333333333333, 0.85056430191088017, 0.14943569808911983]
[92.0, 13.254324346780777, 'i2vtags_bird', 0.4891304347826087, 0.51086956521739135, 0.52495128713303174, 0.47504871286696826]
[92.0, 67.808655858039856, 'mstags_toy', 0.90217391304347827, 0.097826086956521743, 0.92415440943008786, 0.075845590569912094]
[92.0, 85.506442940000014, 'gotags_text', 0.18478260869565216, 0.81521739130434778, 0.18446881167853196, 0.81553118832146787]
[93.0, 58.811574940000007, 'gotags_supermodel', 0.27956989247311825, 0.72043010752688175, 0.27642194290129646, 0.72357805709870349]
[94.0, 18.604227095842361, 'i2vtags_armor', 0.71276595744680848, 0.28723404255319152, 0.80030046025812307, 0.19969953974187696]
[94.0, 71.05733960000002, 'gotags_dress', 0.56382978723404253, 0.43617021276595747, 0.57128156160239907, 0.42871843839760071]
[95.0, 20.365206152200699, 'i2vtags_midriff', 0.80000000000000004, 0.20000000000000001, 0.79207831265685524, 0.20792168734314473]
[96.0, 17.26452761888504, 'i2vtags_lipstick', 0.60416666666666663, 0.39583333333333331, 0.56512274409796115, 0.43487725590203891]
[97.0, 72.76200783000003, 'gotags_skin', 0.25773195876288657, 0.74226804123711343, 0.25545264753313213, 0.74454735246686743]
[99.0, 15.061216413974762, 'i2vtags_uniform', 0.64646464646464652, 0.35353535353535354, 0.62493645801236841, 0.37506354198763164]
[99.0, 25.124504998326302, 'mstags_vector_graphics', 0.68686868686868685, 0.31313131313131315, 0.65813482613159602, 0.34186517386840393]
[101.0, 73.973258520000016, 'gotags_play', 0.58415841584158412, 0.41584158415841582, 0.57588881404328318, 0.42411118595671654]
[102.0, 19.612237602472305, 'i2vtags_water', 0.55882352941176472, 0.44117647058823528, 0.57340266460077827, 0.42659733539922173]
[102.0, 26.767009645700455, 'i2vtags_serafuku', 0.73529411764705888, 0.26470588235294118, 0.81024908144564711, 0.18975091855435286]
[102.0, 71.692298179999995, 'gotags_flower', 0.41176470588235292, 0.58823529411764708, 0.38794610461739842, 0.6120538953826018]
[103.0, 16.566926568746567, 'i2vtags_belt', 0.58252427184466016, 0.41747572815533979, 0.60632741061403905, 0.393672589385961]
[103.0, 87.796321332454681, 'mstags_standing', 0.22330097087378642, 0.77669902912621358, 0.21816753229147512, 0.78183246770852488]
[104.0, 17.268054306507111, 'i2vtags_v', 0.96153846153846156, 0.038461538461538464, 0.93904766664203165, 0.060952333357968326]
[106.0, 24.12810543179512, 'i2vtags_cleavage', 0.71698113207547165, 0.28301886792452829, 0.75318578276393355, 0.24681421723606647]
[106.0, 82.041654710000003, 'gotags_hair_coloring', 0.34905660377358488, 0.65094339622641506, 0.34901236184488943, 0.6509876381551104]
[108.0, 72.699191868305206, 'mstags_people', 0.23148148148148148, 0.76851851851851849, 0.22572966560533009, 0.77427033439466997]
[109.0, 68.85241562128067, 'mstags_doll', 0.95412844036697253, 0.045871559633027525, 0.96167504294926687, 0.038324957050733161]
[111.0, 68.288380230000001, 'gotags_advertising', 0.30630630630630629, 0.69369369369369371, 0.29101387502627535, 0.7089861249737246]
[112.0, 19.069254577159882, 'i2vtags_jacket', 0.6785714285714286, 0.32142857142857145, 0.69940293909520923, 0.30059706090479082]
[113.0, 18.697370558977127, 'i2vtags_necklace', 0.55752212389380529, 0.44247787610619471, 0.52103195811504555, 0.4789680418849544]
[113.0, 20.674530208110809, 'i2vtags_hairclip', 0.95575221238938057, 0.044247787610619468, 0.93035430650634088, 0.06964569349365908]
[113.0, 23.643210232257843, 'i2vtags_ahoge', 0.98230088495575218, 0.017699115044247787, 0.97103672626157977, 0.028963273738420222]
[114.0, 70.63990038999998, 'gotags_toy', 0.52631578947368418, 0.47368421052631576, 0.51787545109815536, 0.48212454890184514]
[115.0, 20.52699413895607, 'i2vtags_traditional_media', 0.36521739130434783, 0.63478260869565217, 0.35585116703463987, 0.64414883296536019]
[118.0, 23.341735571622849, 'i2vtags_barefoot', 0.51694915254237284, 0.48305084745762711, 0.53457042614786765, 0.46542957385213229]
[121.0, 78.262526009999931, 'gotags_fashion', 0.48760330578512395, 0.51239669421487599, 0.49312026761145955, 0.50687973238854112]
[122.0, 23.862227559089661, 'i2vtags_socks', 0.77868852459016391, 0.22131147540983606, 0.79492257597337845, 0.20507742402662149]
[122.0, 70.999792500000012, 'gotags_sketch', 0.37704918032786883, 0.62295081967213117, 0.36698316998602493, 0.63301683001397446]
[123.0, 115.24296152591705, 'mstags_clothing', 0.4065040650406504, 0.5934959349593496, 0.40235548037471869, 0.59764451962528131]
[124.0, 29.185530543327332, 'i2vtags_white_hair', 0.81451612903225812, 0.18548387096774194, 0.86280836520716397, 0.13719163479283603]
[125.0, 27.106718987226486, 'i2vtags_hair_bow', 0.94399999999999995, 0.056000000000000001, 0.95866628344296356, 0.041333716557036389]
[128.0, 33.381101727485657, 'i2vtags_kimono', 0.578125, 0.421875, 0.54000488327701246, 0.45999511672298748]
[134.0, 32.935071378946304, 'i2vtags_orange_hair', 0.91044776119402981, 0.089552238805970144, 0.93759126884895649, 0.062408731151043562]
[135.0, 41.292477339506149, 'i2vtags_yellow_eyes', 0.97037037037037033, 0.029629629629629631, 0.95622892455270669, 0.043771075447293299]
[136.0, 21.830608040094376, 'i2vtags_braid', 0.7720588235294118, 0.22794117647058823, 0.78168905337795802, 0.21831094662204201]
[137.0, 28.465308636426926, 'i2vtags_face', 0.35036496350364965, 0.64963503649635035, 0.33884887810098974, 0.66115112189901026]
[137.0, 102.48242511999999, 'gotags_poster', 0.32116788321167883, 0.67883211678832112, 0.31594194401710307, 0.68405805598289726]
[138.0, 92.704853129999961, 'gotags_organ', 0.20289855072463769, 0.79710144927536231, 0.20117895310018719, 0.79882104689981304]
[139.0, 80.049148150000022, 'gotags_drawing', 0.33812949640287771, 0.66187050359712229, 0.32968703077947742, 0.67031296922052241]
[141.0, 25.455113708972931, 'i2vtags_hair_ribbon', 0.97872340425531912, 0.021276595744680851, 0.98388299009777513, 0.016117009902224911]
[142.0, 33.307010978460312, 'i2vtags_tree', 0.45070422535211269, 0.54929577464788737, 0.36263733367021062, 0.63736266632978933]
[143.0, 24.504208922386169, 'i2vtags_character_name', 0.62937062937062938, 0.37062937062937062, 0.64963592828186267, 0.35036407171813733]
[145.0, 25.055047631263733, 'i2vtags_makeup', 0.55172413793103448, 0.44827586206896552, 0.54584518756962019, 0.45415481243037981]
[148.0, 26.557106614112854, 'i2vtags_cover', 0.7567567567567568, 0.24324324324324326, 0.79149783408897711, 0.20850216591102291]
[149.0, 83.47003312999999, 'gotags_singer', 0.3825503355704698, 0.6174496644295302, 0.38264572292976162, 0.61735427707023871]
[152.0, 50.385536968708038, 'i2vtags_one_eye_closed', 0.92105263157894735, 0.078947368421052627, 0.95024687233120564, 0.049753127668794368]
[153.0, 91.053773589999977, 'gotags_pattern', 0.42483660130718953, 0.57516339869281041, 0.41831864851105072, 0.58168135148894962]
[156.0, 27.483779519796371, 'i2vtags_bare_shoulders', 0.88461538461538458, 0.11538461538461539, 0.89430063866952114, 0.10569936133047882]
[164.0, 156.0139132142067, 'mstags_woman', 0.4451219512195122, 0.55487804878048785, 0.44383877971724228, 0.55616122028275772]
[165.0, 46.944661229848862, 'i2vtags_silver_hair', 0.93333333333333335, 0.066666666666666666, 0.95706855189822215, 0.042931448101777799]
[166.0, 148.02727634999999, 'gotags_nose', 0.24096385542168675, 0.75903614457831325, 0.23768441572085988, 0.76231558427914026]
[167.0, 97.394368629999903, 'gotags_screenshot', 0.70059880239520955, 0.29940119760479039, 0.69902151569602511, 0.30097848430397522]
[170.0, 37.700985282659531, 'i2vtags_suit', 0.39411764705882352, 0.60588235294117643, 0.3404254506456017, 0.6595745493543983]
[170.0, 61.765884906053543, 'i2vtags_pink_hair', 0.89411764705882357, 0.10588235294117647, 0.92427708117934748, 0.07572291882065256]
[174.0, 50.365349888801575, 'i2vtags_black_legwear', 0.90804597701149425, 0.091954022988505746, 0.93479686159825681, 0.065203138401743216]
[175.0, 27.585828542709351, 'i2vtags_simple_background', 0.32571428571428573, 0.67428571428571427, 0.28469675653559939, 0.71530324346440066]
[179.0, 163.22030898999992, 'gotags_person', 0.35754189944134079, 0.64245810055865926, 0.35607952900984141, 0.64392047099015881]
[187.0, 116.73097700999999, 'gotags_eye', 0.32620320855614976, 0.6737967914438503, 0.31373398799585689, 0.68626601200414294]
[188.0, 109.94297105, 'gotags_model', 0.30851063829787234, 0.69148936170212771, 0.31380660974051416, 0.68619339025948545]
[190.0, 154.50914873999992, 'gotags_beauty', 0.35263157894736841, 0.64736842105263159, 0.35178064725127045, 0.64821935274872999]
[193.0, 35.856665462255478, 'i2vtags_3boys', 0.49740932642487046, 0.50259067357512954, 0.51441297251401918, 0.48558702748598082]
[195.0, 37.018925070762634, 'i2vtags_scan', 0.76923076923076927, 0.23076923076923078, 0.81688039577577121, 0.18311960422422879]
[195.0, 48.397460728883743, 'i2vtags_hairband', 0.93333333333333335, 0.066666666666666666, 0.91376319040944443, 0.086236809590555533]
[195.0, 49.019242435693741, 'i2vtags_:d', 0.98974358974358978, 0.010256410256410256, 0.99394644437590807, 0.0060535556240919582]
[198.0, 43.419277161359787, 'i2vtags_formal', 0.41414141414141414, 0.58585858585858586, 0.35814036598051974, 0.64185963401948032]
[198.0, 147.74173109, 'gotags_head', 0.30808080808080807, 0.69191919191919193, 0.30722678254222974, 0.69277321745777021]
[198.0, 147.95964346999995, 'gotags_brown_hair', 0.35858585858585856, 0.64141414141414144, 0.35713103337339369, 0.64286896662660664]
[200.0, 138.47245443999989, 'gotags_art', 0.38500000000000001, 0.61499999999999999, 0.38514095598058823, 0.61485904401941271]
[205.0, 146.73232366999989, 'gotags_long_hair', 0.35121951219512193, 0.64878048780487807, 0.35374910286800365, 0.64625089713199735]
[206.0, 39.162663280963898, 'i2vtags_food', 0.70388349514563109, 0.29611650485436891, 0.74686665909909622, 0.25313334090090384]
[206.0, 71.516006767749786, 'i2vtags_purple_hair', 0.91747572815533984, 0.082524271844660199, 0.94645355660084107, 0.053546443399158893]
[208.0, 56.275074034929276, 'i2vtags_comic', 0.13461538461538461, 0.86538461538461542, 0.13619022000596209, 0.86380977999403785]
[208.0, 60.506784349679947, 'i2vtags_5girls', 0.83173076923076927, 0.16826923076923078, 0.87453546719786046, 0.12546453280213957]
[210.0, 52.08359357714653, 'i2vtags_everyone', 0.59047619047619049, 0.40952380952380951, 0.63114662682567924, 0.36885337317432076]
[212.0, 163.49243128299713, 'mstags_group', 0.31603773584905659, 0.68396226415094341, 0.30808688358015635, 0.69191311641984365]
[215.0, 37.753656387329102, 'i2vtags_earrings', 0.61395348837209307, 0.38604651162790699, 0.62231635356676784, 0.37768364643323216]
[217.0, 205.78346885000005, 'gotags_face', 0.2857142857142857, 0.7142857142857143, 0.28475017151505261, 0.715249828484947]
[218.0, 134.07217178999991, 'gotags_costume', 0.66055045871559637, 0.33944954128440369, 0.65319058773188243, 0.34680941226811773]
[219.0, 62.574944168329239, 'i2vtags_green_eyes', 0.9178082191780822, 0.082191780821917804, 0.95399534526791419, 0.046004654732085863]
[226.0, 40.158355414867401, 'i2vtags_gun', 0.49115044247787609, 0.50884955752212391, 0.49500199929378963, 0.50499800070621037]
[227.0, 166.09780605999993, 'gotags_black_hair', 0.48898678414096919, 0.51101321585903081, 0.484847760607441, 0.51515223939255939]
[230.0, 185.25785777999999, 'gotags_font', 0.23043478260869565, 0.76956521739130435, 0.22401414194955827, 0.77598585805044151]
[231.0, 137.88775308000058, 'gotags_brand', 0.17316017316017315, 0.82683982683982682, 0.17316017316017235, 0.82683982683982726]
[233.0, 63.009633958339691, 'i2vtags_japanese_clothes', 0.61802575107296143, 0.38197424892703863, 0.6001028529952136, 0.39989714700478646]
[235.0, 43.843524128198624, 'i2vtags_facial_hair', 0.28510638297872343, 0.71489361702127663, 0.23006700546867881, 0.76993299453132125]
[237.0, 38.461591452360153, 'i2vtags_copyright_name', 0.72573839662447259, 0.27426160337552741, 0.74992833849230145, 0.25007166150769855]
[243.0, 44.054183065891266, 'i2vtags_shoes', 0.72839506172839508, 0.27160493827160492, 0.72443283938177006, 0.27556716061822994]
[243.0, 170.64889120000018, 'gotags_comic_book', 0.88888888888888884, 0.1111111111111111, 0.88378976733720505, 0.11621023266279493]
[247.0, 88.493334412574768, 'i2vtags_purple_eyes', 0.97165991902834004, 0.028340080971659919, 0.98102709112840913, 0.018972908871590827]
[255.0, 48.407528460025787, 'i2vtags_sword', 0.64313725490196083, 0.35686274509803922, 0.67983656401851345, 0.32016343598148655]
[256.0, 79.044329673051834, 'i2vtags_3girls', 0.80859375, 0.19140625, 0.89629189965838485, 0.10370810034161511]
[257.0, 58.480981975793839, 'i2vtags_necktie', 0.68871595330739299, 0.31128404669260701, 0.69846012686404246, 0.30153987313595748]
[259.0, 237.50824970006943, 'mstags_indoor', 0.36679536679536678, 0.63320463320463316, 0.36685241349320802, 0.63314758650679193]
[262.0, 73.274785786867142, 'i2vtags_cloud', 0.5, 0.5, 0.49355520992876845, 0.50644479007123155]
[263.0, 67.509152263402939, 'i2vtags_4girls', 0.85171102661596954, 0.14828897338403041, 0.88734972732424222, 0.11265027267575774]
[265.0, 70.434977859258652, 'i2vtags_pantyhose', 0.72830188679245278, 0.27169811320754716, 0.77766310474819356, 0.22233689525180647]
[269.0, 57.314905911684036, 'i2vtags_ponytail', 0.84386617100371752, 0.15613382899628253, 0.89454337653976246, 0.10545662346023753]
[271.0, 260.42539472999999, 'gotags_hair', 0.34686346863468637, 0.65313653136531369, 0.347232279493145, 0.6527677205068555]
[273.0, 177.96362832999986, 'gotags_comics', 0.86080586080586086, 0.1391941391941392, 0.85848368772691219, 0.14151631227308781]
[277.0, 108.46092361211777, 'i2vtags_6+girls', 0.68231046931407946, 0.3176895306859206, 0.76994488232434488, 0.23005511767565509]
[278.0, 63.872665494680405, 'i2vtags_bow', 0.9460431654676259, 0.053956834532374098, 0.96173830827710316, 0.038261691722896805]
[283.0, 59.943029791116714, 'i2vtags_cosplay', 0.46643109540636041, 0.53356890459363959, 0.4590275215045565, 0.5409724784954435]
[287.0, 270.50051289796829, 'mstags_text', 0.62717770034843201, 0.37282229965156793, 0.62742398715428871, 0.37257601284571129]
[291.0, 49.828321218490601, 'i2vtags_looking_at_viewer', 0.85910652920962194, 0.14089347079037801, 0.87995285830276804, 0.12004714169723202]
[299.0, 119.27613857388496, 'i2vtags_monochrome', 0.21070234113712374, 0.78929765886287628, 0.20373168458230387, 0.79626831541769616]
[307.0, 59.385622709989548, 'i2vtags_black_eyes', 0.68403908794788271, 0.31596091205211724, 0.70510179380201987, 0.29489820619798007]
[309.0, 51.541589021682739, 'i2vtags_english', 0.32686084142394822, 0.67313915857605178, 0.32207835527503786, 0.67792164472496219]
[312.0, 107.69623798131943, 'i2vtags_red_hair', 0.85576923076923073, 0.14423076923076922, 0.91416352446466809, 0.085836475535331871]
[314.0, 181.55575213000003, 'gotags_photo_shoot', 0.42356687898089174, 0.57643312101910826, 0.42694580965133511, 0.57305419034866456]
[314.0, 296.45944857597351, 'mstags_outdoor', 0.42038216560509556, 0.57961783439490444, 0.41669882969787847, 0.58330117030212159]
[315.0, 74.745686709880829, 'i2vtags_breasts', 0.62222222222222223, 0.37777777777777777, 0.66823054955054939, 0.33176945044945055]
[321.0, 73.693958610296249, 'i2vtags_closed_eyes', 0.64174454828660432, 0.35825545171339562, 0.70928107131129337, 0.29071892868870663]
[332.0, 69.781167209148407, 'i2vtags_boots', 0.67168674698795183, 0.32831325301204817, 0.73490001140011585, 0.26509998859988415]
[334.0, 68.26704615354538, 'i2vtags_ribbon', 0.94610778443113774, 0.053892215568862277, 0.9628939963388522, 0.037106003661147809]
[341.0, 82.730127274990082, 'i2vtags_sitting', 0.64809384164222872, 0.35190615835777128, 0.70827685193131373, 0.29172314806868621]
[341.0, 267.28202449000003, 'gotags_hairstyle', 0.35777126099706746, 0.64222873900293254, 0.3595428280048642, 0.64045717199513552]
[346.0, 107.68660092353821, 'i2vtags_sky', 0.4913294797687861, 0.50867052023121384, 0.49792899258576734, 0.50207100741423272]
[354.0, 125.50331988930702, 'i2vtags_blue_hair', 0.88983050847457623, 0.11016949152542373, 0.94473921703756558, 0.055260782962434397]
[365.0, 90.247646063566208, 'i2vtags_lips', 0.47945205479452052, 0.52054794520547942, 0.48412912966449062, 0.51587087033550938]
[376.0, 106.83441659808159, 'i2vtags_2boys', 0.50531914893617025, 0.49468085106382981, 0.53311983870894486, 0.46688016129105514]
[383.0, 350.54737398000049, 'gotags_clothing', 0.51174934725848564, 0.48825065274151436, 0.51152635877463559, 0.48847364122536324]
[405.0, 144.03862342238426, 'i2vtags_thighhighs', 0.81234567901234567, 0.18765432098765433, 0.88791240070254251, 0.11208759929745754]
[410.0, 271.09594794000026, 'gotags_album_cover', 0.37804878048780488, 0.62195121951219512, 0.36823655564964081, 0.63176344435035814]
[411.0, 144.89237987995148, 'i2vtags_red_eyes', 0.9051094890510949, 0.094890510948905105, 0.94457256263849365, 0.055427437361506376]
[423.0, 114.88596859574318, 'i2vtags_flower', 0.67375886524822692, 0.32624113475177308, 0.68108258775554087, 0.31891741224445908]
[438.0, 140.46467697620392, 'i2vtags_2girls', 0.67123287671232879, 0.32876712328767121, 0.80404215757172492, 0.19595784242827508]
[447.0, 104.07674476504326, 'i2vtags_hair_ornament', 0.8970917225950783, 0.1029082774049217, 0.91760710860652284, 0.082392891393477122]
[460.0, 109.58267465233803, 'i2vtags_blush', 0.95217391304347831, 0.047826086956521741, 0.96455340935828637, 0.035446590641713641]
[461.0, 297.58050066232681, 'mstags_posing', 0.39913232104121477, 0.60086767895878523, 0.37926583275862907, 0.62073416724137087]
[463.0, 152.55742487311363, 'i2vtags_twintails', 0.85529157667386613, 0.1447084233261339, 0.92114429529071251, 0.078855704709287461]
[507.0, 131.61643886566162, 'i2vtags_glasses', 0.62130177514792895, 0.378698224852071, 0.6781076406624893, 0.3218923593375107]
[543.0, 217.420344799757, 'i2vtags_no_humans', 0.22467771639042358, 0.77532228360957645, 0.2479799787432963, 0.75202002125670375]
[545.0, 349.35765542999997, 'gotags_mangaka', 0.96330275229357798, 0.03669724770642202, 0.96549128409634732, 0.03450871590365253]
[551.0, 172.18345141410828, 'i2vtags_open_mouth', 0.85480943738656989, 0.14519056261343014, 0.92679637321044794, 0.073203626789552043]
[560.0, 114.03069311380386, 'i2vtags_gloves', 0.76428571428571423, 0.23571428571428571, 0.8053246880720063, 0.1946753119279937]
[611.0, 115.64725810289383, 'i2vtags_parody', 0.40589198036006546, 0.59410801963993454, 0.40000493078422661, 0.59999506921577339]
[625.0, 156.31640088558197, 'i2vtags_dress', 0.72319999999999995, 0.27679999999999999, 0.75371458182301654, 0.24628541817698352]
[650.0, 126.76680597662926, 'i2vtags_jewelry', 0.63230769230769235, 0.36769230769230771, 0.62468385658861658, 0.37531614341138342]
[663.0, 246.64338839054108, 'i2vtags_blue_eyes', 0.80693815987933637, 0.19306184012066366, 0.88651176492307504, 0.11348823507692493]
[666.0, 193.32625937461853, 'i2vtags_skirt', 0.74174174174174179, 0.25825825825825827, 0.79097892449849583, 0.20902107550150423]
[666.0, 260.15462523698807, 'i2vtags_blonde_hair', 0.66216216216216217, 0.33783783783783783, 0.77665279692654798, 0.22334720307345202]
[671.0, 157.55353751778603, 'i2vtags_weapon', 0.56631892697466468, 0.43368107302533532, 0.60324651576051846, 0.39675348423948154]
[684.0, 248.05124932527542, 'i2vtags_school_uniform', 0.6900584795321637, 0.30994152046783624, 0.77733969147867088, 0.22266030852132912]
[720.0, 333.37495204806328, 'i2vtags_multiple_boys', 0.48055555555555557, 0.51944444444444449, 0.48534501827385657, 0.51465498172614343]
[731.0, 193.5248130261898, 'i2vtags_male', 0.39808481532147744, 0.60191518467852256, 0.39570280470418989, 0.60429719529581016]
[736.0, 631.10403588000031, 'gotags_cartoon', 0.8125, 0.1875, 0.81346897559313958, 0.18653102440685967]
[747.0, 198.50558745861053, 'i2vtags_hat', 0.56760374832663985, 0.4323962516733601, 0.62549711209091741, 0.37450288790908259]
[775.0, 238.12485137581825, 'i2vtags_brown_eyes', 0.75225806451612898, 0.24774193548387097, 0.8298848182993096, 0.17011518170069034]
[834.0, 426.00401324033737, 'i2vtags_photo', 0.3764988009592326, 0.6235011990407674, 0.36685091719673474, 0.63314908280326532]
[844.0, 655.31862057999911, 'gotags_anime', 0.91232227488151663, 0.087677725118483416, 0.92436550773403681, 0.075634492265963763]
[1000.0, 555.57672011852264, 'i2vtags_multiple_girls', 0.64300000000000002, 0.35699999999999998, 0.77778919371255051, 0.22221080628744952]
[1018.0, 556.03909714999986, 'gotags_illustration', 0.68369351669941059, 0.31630648330058941, 0.68238742909411332, 0.31761257090588751]
[1103.0, 309.8220731317997, 'i2vtags_smile', 0.72892112420670896, 0.27107887579329104, 0.83525588809839002, 0.16474411190161004]
[1105.0, 343.26514780521393, 'i2vtags_1boy', 0.44072398190045248, 0.55927601809954752, 0.45701081523309001, 0.54298918476691005]
[1138.0, 1097.0376008152962, 'mstags_person', 0.39455184534270649, 0.60544815465729351, 0.39242931263545178, 0.60757068736454822]
[1372.0, 501.89689826965332, 'i2vtags_brown_hair', 0.63265306122448983, 0.36734693877551022, 0.72314315560624431, 0.27685684439375563]
[1563.0, 476.40716972947121, 'i2vtags_short_hair', 0.60588611644273838, 0.39411388355726168, 0.708533049581343, 0.291466950418657]
[1572.0, 586.4023010134697, 'i2vtags_long_hair', 0.63231552162849869, 0.36768447837150126, 0.74317178935690154, 0.25682821064309846]
[1611.0, 612.17744529247284, 'i2vtags_black_hair', 0.58845437616387342, 0.41154562383612664, 0.642515004987672, 0.357484995012328]
[1689.0, 964.47673109173775, 'i2vtags_solo', 0.41799881586737714, 0.58200118413262281, 0.48186596546410354, 0.51813403453589646]
[1973.0, 933.95913016796112, 'i2vtags_1girl', 0.47237709072478457, 0.52762290927521538, 0.55490420511914873, 0.44509579488085127]
