[10.0, 6.7448569099999993, 'gotags_bass_guitar', 0.0, 1.0, 0.0, 1.0]
[10.0, 7.3100358099999996, 'gotags_season', 0.0, 1.0, 0.0, 1.0]
[10.0, 8.1249878400000011, 'gotags_fur_clothing', 0.0, 1.0, 0.0, 1.0]
[11.0, 6.8724598100000005, 'gotags_clip_art', 0.0, 1.0, 0.0, 1.0]
[13.0, 8.7499803200000006, 'gotags_astronomical_object', 0.0, 1.0, 0.0, 1.0]
[14.0, 11.160995279999998, 'gotags_atmosphere', 0.0, 1.0, 0.0, 1.0]
[15.0, 10.794940219999999, 'gotags_atmosphere_of_earth', 0.0, 1.0, 0.0, 1.0]
[15.0, 14.267854270000001, 'gotags_facial_expression', 0.0, 1.0, 0.0, 1.0]
[17.0, 9.3806081900000002, 'gotags_wind', 0.058823529411764705, 0.94117647058823528, 0.063185450025708842, 0.93681454997429126]
[17.0, 10.67961981, 'gotags_flowering_plant', 0.058823529411764705, 0.94117647058823528, 0.058079376516681457, 0.94192062348331862]
[16.0, 8.5073482000000009, 'gotags_material', 0.0625, 0.9375, 0.060762454744711154, 0.9392375452552888]
[16.0, 11.687544819999999, 'gotags_land_plant', 0.0625, 0.9375, 0.062088881041826881, 0.93791111895817292]
[15.0, 8.288901730000001, 'gotags_profession', 0.066666666666666666, 0.93333333333333335, 0.064598063463831165, 0.93540193653616865]
[14.0, 7.7554085899999992, 'gotags_wing', 0.071428571428571425, 0.9285714285714286, 0.069607894121281891, 0.93039210587871812]
[13.0, 10.992077199999997, 'gotags_fauna', 0.076923076923076927, 0.92307692307692313, 0.076923076923076941, 0.92307692307692313]
[12.0, 7.2233927500000004, 'gotags_banner', 0.083333333333333329, 0.91666666666666663, 0.069609158383364927, 0.9303908416166351]
[12.0, 8.3284880599999997, 'gotags_leaf', 0.083333333333333329, 0.91666666666666663, 0.082566006584393184, 0.91743399341560683]
[24.0, 22.937946610000001, 'gotags_human_action', 0.083333333333333329, 0.91666666666666663, 0.083557178093893902, 0.91644282190610615]
[11.0, 6.8871540099999997, 'gotags_audience', 0.090909090909090912, 0.90909090909090906, 0.096507352534142041, 0.90349264746585789]
[33.0, 23.401855490000003, 'gotags_arm', 0.090909090909090912, 0.90909090909090906, 0.090031296061131263, 0.90996870393886864]
[10.0, 6.569027010000001, 'gotags_furniture', 0.10000000000000001, 0.90000000000000002, 0.10275307575573508, 0.89724692424426467]
[10.0, 7.9840760700000004, 'gotags_night', 0.10000000000000001, 0.90000000000000002, 0.093098962670579863, 0.90690103732942007]
[35.0, 31.177739429999992, 'gotags_people', 0.11428571428571428, 0.88571428571428568, 0.11295043432852248, 0.88704956567147752]
[65.0, 43.181345479999997, 'gotags_monochrome_photography', 0.12307692307692308, 0.87692307692307692, 0.11972917153298486, 0.88027082846701532]
[16.0, 12.120779140000002, 'gotags_branch', 0.125, 0.875, 0.13221199738814809, 0.86778800261185174]
[23.0, 15.032566760000002, 'gotags_plucked_string_instruments', 0.13043478260869565, 0.86956521739130432, 0.10101104117764116, 0.89898895882235885]
[88.0, 47.911822980000004, 'gotags_human_body', 0.13636363636363635, 0.86363636363636365, 0.13636545039681142, 0.86363454960318875]
[29.0, 25.808277820000004, 'gotags_cheek', 0.13793103448275862, 0.86206896551724133, 0.14016108572718392, 0.859838914272816]
[50.0, 31.575060299999993, 'gotags_finger', 0.14000000000000001, 0.85999999999999999, 0.13018533237765506, 0.86981466762234483]
[14.0, 12.465751540000003, 'gotags_green', 0.14285714285714285, 0.8571428571428571, 0.14072799897951435, 0.85927200102048562]
[14.0, 12.65182156, 'gotags_eyewear', 0.14285714285714285, 0.8571428571428571, 0.12698985852595285, 0.8730101414740471]
[13.0, 9.4349773500000005, 'gotags_morning', 0.15384615384615385, 0.84615384615384615, 0.15688369405571492, 0.84311630594428499]
[13.0, 11.839352809999998, 'gotags_mammal', 0.15384615384615385, 0.84615384615384615, 0.15515720744874065, 0.84484279255125938]
[26.0, 21.896761170000005, 'gotags_plant', 0.15384615384615385, 0.84615384615384615, 0.14186476647769911, 0.8581352335223007]
[19.0, 17.158469599999997, 'gotags_leisure', 0.15789473684210525, 0.84210526315789469, 0.16011818792976737, 0.83988181207023282]
[38.0, 24.910923530000002, 'gotags_leg', 0.15789473684210525, 0.84210526315789469, 0.15606814598093705, 0.8439318540190629]
[50.0, 26.13419034999999, 'gotags_presentation', 0.16, 0.83999999999999997, 0.15922607795653412, 0.8407739220434659]
[12.0, 7.4792865900000001, 'gotags_geisha', 0.16666666666666666, 0.83333333333333337, 0.14342084463432761, 0.85657915536567231]
[12.0, 10.009644100000003, 'gotags_man', 0.16666666666666666, 0.83333333333333337, 0.1690011056437061, 0.83099889435629359]
[18.0, 14.47127961, 'gotags_male', 0.16666666666666666, 0.83333333333333337, 0.16464422664831643, 0.83535577335168354]
[18.0, 17.412066909999997, 'gotags_sky', 0.16666666666666666, 0.83333333333333337, 0.16648891857491724, 0.83351108142508301]
[72.0, 65.717369970000021, 'gotags_black_and_white', 0.16666666666666666, 0.83333333333333337, 0.16334003498466534, 0.83665996501533468]
[231.0, 137.88775308000058, 'gotags_brand', 0.17316017316017315, 0.82683982683982682, 0.17316017316017235, 0.82683982683982726]
[40.0, 37.295196359999998, 'gotags_black', 0.17499999999999999, 0.82499999999999996, 0.17556817496804297, 0.82443182503195711]
[17.0, 12.555741190000001, 'gotags_fur', 0.17647058823529413, 0.82352941176470584, 0.15204948964068282, 0.84795051035931723]
[17.0, 15.035419259999998, 'gotags_forehead', 0.17647058823529413, 0.82352941176470584, 0.17921018186492529, 0.82078981813507479]
[11.0, 5.9160654599999996, 'gotags_art_model', 0.18181818181818182, 0.81818181818181823, 0.17444110735042476, 0.82555889264957527]
[11.0, 7.1022805400000006, 'gotags_facial_hair', 0.18181818181818182, 0.81818181818181823, 0.15062751801691007, 0.84937248198309001]
[22.0, 14.943531180000003, 'gotags_string_instrument', 0.18181818181818182, 0.81818181818181823, 0.20577623072888718, 0.79422376927111271]
[76.0, 49.779619670000002, 'gotags_lip', 0.18421052631578946, 0.81578947368421051, 0.16682548310036135, 0.8331745168996384]
[92.0, 85.506442940000014, 'gotags_text', 0.18478260869565216, 0.81521739130434778, 0.18446881167853196, 0.81553118832146787]
[27.0, 20.348381140000001, 'gotags_close_up', 0.18518518518518517, 0.81481481481481477, 0.18529214113197015, 0.81470785886802988]
[16.0, 9.9482216500000007, 'gotags_calligraphy', 0.1875, 0.8125, 0.16500267763937487, 0.83499732236062507]
[16.0, 10.23026331, 'gotags_moustache', 0.1875, 0.8125, 0.19163970277124764, 0.80836029722875247]
[37.0, 23.064134440000007, 'gotags_gentleman', 0.1891891891891892, 0.81081081081081086, 0.19059356775063951, 0.80940643224936026]
[58.0, 54.539227380000014, 'gotags_eyebrow', 0.18965517241379309, 0.81034482758620685, 0.1890296625980549, 0.81097033740194502]
[79.0, 46.990138289999997, 'gotags_line', 0.189873417721519, 0.810126582278481, 0.18471673154975943, 0.81528326845024068]
[21.0, 14.087930380000001, 'gotags_musical_instrument', 0.19047619047619047, 0.80952380952380953, 0.18514350153964915, 0.81485649846035069]
[41.0, 27.802021100000001, 'gotags_monochrome', 0.1951219512195122, 0.80487804878048785, 0.1823625984515205, 0.81763740154847941]
[10.0, 6.5204051500000002, 'gotags_orchestra', 0.20000000000000001, 0.80000000000000004, 0.17494143442911669, 0.82505856557088331]
[15.0, 7.8274155000000025, 'gotags_chest', 0.20000000000000001, 0.80000000000000004, 0.19999999999999993, 0.79999999999999993]
[15.0, 13.00708008, 'gotags_chin', 0.20000000000000001, 0.80000000000000004, 0.19695089629985582, 0.80304910370014415]
[138.0, 92.704853129999961, 'gotags_organ', 0.20289855072463769, 0.79710144927536231, 0.20117895310018719, 0.79882104689981304]
[67.0, 39.656593509999993, 'gotags_hand', 0.20895522388059701, 0.79104477611940294, 0.20100746116758431, 0.79899253883241594]
[14.0, 12.318008880000001, 'gotags_tree', 0.21428571428571427, 0.7857142857142857, 0.20705377182679868, 0.79294622817320115]
[28.0, 20.389954310000004, 'gotags_guitar', 0.21428571428571427, 0.7857142857142857, 0.16743061843575066, 0.83256938156424931]
[27.0, 21.436686399999999, 'gotags_performing_arts', 0.22222222222222221, 0.77777777777777779, 0.22475398856420273, 0.7752460114357973]
[27.0, 23.439045479999997, 'gotags_yellow', 0.22222222222222221, 0.77777777777777779, 0.21497104198630534, 0.78502895801369477]
[40.0, 24.13336177, 'gotags_portrait', 0.22500000000000001, 0.77500000000000002, 0.2194152128686214, 0.78058478713137869]
[230.0, 185.25785777999999, 'gotags_font', 0.23043478260869565, 0.76956521739130435, 0.22401414194955827, 0.77598585805044151]
[13.0, 7.2426026899999991, 'gotags_signage', 0.23076923076923078, 0.76923076923076927, 0.23272324772519037, 0.76727675227480985]
[13.0, 8.3479587500000001, 'gotags_sea', 0.23076923076923078, 0.76923076923076927, 0.22626605575884046, 0.77373394424115949]
[64.0, 37.583180249999991, 'gotags_shape', 0.234375, 0.765625, 0.23474948397960554, 0.76525051602039451]
[34.0, 23.709689700000002, 'gotags_logo', 0.23529411764705882, 0.76470588235294112, 0.23320939413222264, 0.76679060586777725]
[166.0, 148.02727634999999, 'gotags_nose', 0.24096385542168675, 0.75903614457831325, 0.23768441572085988, 0.76231558427914026]
[58.0, 33.597892000000037, 'gotags_sense', 0.2413793103448276, 0.75862068965517238, 0.24137931034482732, 0.75862068965517238]
[37.0, 22.479090379999992, 'gotags_circle', 0.24324324324324326, 0.7567567567567568, 0.2572826810263486, 0.74271731897365167]
[41.0, 28.526289150000004, 'gotags_vision_care', 0.24390243902439024, 0.75609756097560976, 0.23463732155291567, 0.76536267844708428]
[12.0, 7.5686586900000012, 'gotags_sunlight', 0.25, 0.75, 0.2445080080629187, 0.75549199193708116]
[36.0, 26.719654680000005, 'gotags_eyelash', 0.25, 0.75, 0.24241138096923937, 0.75758861903076058]
[40.0, 31.888109909999994, 'gotags_blond', 0.25, 0.75, 0.24807595063886936, 0.75192404936113078]
[43.0, 41.661140390000007, 'gotags_color', 0.2558139534883721, 0.7441860465116279, 0.25581395348837205, 0.74418604651162745]
[97.0, 72.76200783000003, 'gotags_skin', 0.25773195876288657, 0.74226804123711343, 0.25545264753313213, 0.74454735246686743]
[19.0, 9.6389054699999992, 'gotags_number', 0.26315789473684209, 0.73684210526315785, 0.26402850177552373, 0.73597149822447627]
[26.0, 15.161590569999996, 'gotags_writing', 0.26923076923076922, 0.73076923076923073, 0.26382519904704171, 0.73617480095295851]
[11.0, 7.2147611699999992, 'gotags_lighting', 0.27272727272727271, 0.72727272727272729, 0.26536510147570141, 0.73463489852429864]
[62.0, 46.023615380000017, 'gotags_product', 0.27419354838709675, 0.72580645161290325, 0.2763225219270028, 0.72367747807299665]
[40.0, 28.047244679999988, 'gotags_petal', 0.27500000000000002, 0.72499999999999998, 0.27222059197295823, 0.72777940802704255]
[93.0, 58.811574940000007, 'gotags_supermodel', 0.27956989247311825, 0.72043010752688175, 0.27642194290129646, 0.72357805709870349]
[28.0, 26.025858929999991, 'gotags_photograph', 0.2857142857142857, 0.7142857142857143, 0.28582226469480065, 0.71417773530519957]
[217.0, 205.78346885000005, 'gotags_face', 0.2857142857142857, 0.7142857142857143, 0.28475017151505261, 0.715249828484947]
[66.0, 52.632309590000006, 'gotags_musician', 0.2878787878787879, 0.71212121212121215, 0.28517436051964062, 0.71482563948035893]
[48.0, 26.537352420000001, 'gotags_ear', 0.29166666666666669, 0.70833333333333337, 0.28520619804920239, 0.71479380195079778]
[10.0, 7.35504186, 'gotags_ocean', 0.29999999999999999, 0.69999999999999996, 0.31002095615537395, 0.68997904384462605]
[20.0, 15.058659450000002, 'gotags_entertainment', 0.29999999999999999, 0.69999999999999996, 0.30066962833135846, 0.69933037166864143]
[76.0, 46.974049249999986, 'gotags_musical_theatre', 0.30263157894736842, 0.69736842105263153, 0.31203797956591967, 0.68796202043408061]
[111.0, 68.288380230000001, 'gotags_advertising', 0.30630630630630629, 0.69369369369369371, 0.29101387502627535, 0.7089861249737246]
[13.0, 8.2050029599999998, 'gotags_thigh', 0.30769230769230771, 0.69230769230769229, 0.29262332283180559, 0.70737667716819441]
[13.0, 8.5729506700000009, 'gotags_t_shirt', 0.30769230769230771, 0.69230769230769229, 0.30495484467776596, 0.69504515532223388]
[52.0, 33.204174890000004, 'gotags_modern_art', 0.30769230769230771, 0.69230769230769229, 0.33080926348536038, 0.66919073651463956]
[198.0, 147.74173109, 'gotags_head', 0.30808080808080807, 0.69191919191919193, 0.30722678254222974, 0.69277321745777021]
[188.0, 109.94297105, 'gotags_model', 0.30851063829787234, 0.69148936170212771, 0.31380660974051416, 0.68619339025948545]
[35.0, 20.059887330000002, 'gotags_neck', 0.31428571428571428, 0.68571428571428572, 0.30659514476943972, 0.69340485523056028]
[19.0, 14.092030520000002, 'gotags_darkness', 0.31578947368421051, 0.68421052631578949, 0.31637493288653479, 0.68362506711346527]
[22.0, 15.484322479999999, 'gotags_picture_frame', 0.31818181818181818, 0.68181818181818177, 0.33628104340539416, 0.66371895659460589]
[137.0, 102.48242511999999, 'gotags_poster', 0.32116788321167883, 0.67883211678832112, 0.31594194401710307, 0.68405805598289726]
[28.0, 17.967407290000001, 'gotags_sports', 0.32142857142857145, 0.6785714285714286, 0.31358893796189996, 0.68641106203809998]
[187.0, 116.73097700999999, 'gotags_eye', 0.32620320855614976, 0.6737967914438503, 0.31373398799585689, 0.68626601200414294]
[61.0, 34.38468953000001, 'gotags_textile', 0.32786885245901637, 0.67213114754098358, 0.32151244321559519, 0.67848755678440453]
[15.0, 11.343388879999997, 'gotags_line_art', 0.33333333333333331, 0.66666666666666663, 0.36031304870507103, 0.63968695129492925]
[15.0, 11.542205250000002, 'gotags_performance_art', 0.33333333333333331, 0.66666666666666663, 0.33333333333333331, 0.66666666666666674]
[24.0, 16.177650109999998, 'gotags_dance', 0.33333333333333331, 0.66666666666666663, 0.29393021592553165, 0.7060697840744683]
[33.0, 16.808809529999998, 'gotags_fashion_design', 0.33333333333333331, 0.66666666666666663, 0.33351597089576879, 0.66648402910423143]
[54.0, 32.768028090000001, 'gotags_outerwear', 0.33333333333333331, 0.66666666666666663, 0.32914330427138005, 0.67085669572861995]
[139.0, 80.049148150000022, 'gotags_drawing', 0.33812949640287771, 0.66187050359712229, 0.32968703077947742, 0.67031296922052241]
[26.0, 18.501956829999994, 'gotags_vehicle', 0.34615384615384615, 0.65384615384615385, 0.3268414630713416, 0.67315853692865868]
[271.0, 260.42539472999999, 'gotags_hair', 0.34686346863468637, 0.65313653136531369, 0.347232279493145, 0.6527677205068555]
[23.0, 21.57608238000001, 'gotags_white', 0.34782608695652173, 0.65217391304347827, 0.34745178378392882, 0.65254821621607073]
[69.0, 41.656440179999983, 'gotags_design', 0.34782608695652173, 0.65217391304347827, 0.35033189722742181, 0.6496681027725788]
[106.0, 82.041654710000003, 'gotags_hair_coloring', 0.34905660377358488, 0.65094339622641506, 0.34901236184488943, 0.6509876381551104]
[205.0, 146.73232366999989, 'gotags_long_hair', 0.35121951219512193, 0.64878048780487807, 0.35374910286800365, 0.64625089713199735]
[71.0, 59.399964009999984, 'gotags_photography', 0.352112676056338, 0.647887323943662, 0.35213992228141083, 0.64786007771858933]
[190.0, 154.50914873999992, 'gotags_beauty', 0.35263157894736841, 0.64736842105263159, 0.35178064725127045, 0.64821935274872999]
[179.0, 163.22030898999992, 'gotags_person', 0.35754189944134079, 0.64245810055865926, 0.35607952900984141, 0.64392047099015881]
[341.0, 267.28202449000003, 'gotags_hairstyle', 0.35777126099706746, 0.64222873900293254, 0.3595428280048642, 0.64045717199513552]
[198.0, 147.95964346999995, 'gotags_brown_hair', 0.35858585858585856, 0.64141414141414144, 0.35713103337339369, 0.64286896662660664]
[25.0, 17.531452329999997, 'gotags_layered_hair', 0.35999999999999999, 0.64000000000000001, 0.36414653274763809, 0.63585346725236214]
[11.0, 5.9308891100000007, 'gotags_love', 0.36363636363636365, 0.63636363636363635, 0.34934785688481701, 0.65065214311518282]
[11.0, 10.665148559999999, 'gotags_human_hair_color', 0.36363636363636365, 0.63636363636363635, 0.3647384429870521, 0.63526155701294806]
[85.0, 47.811341100000014, 'gotags_romance', 0.36470588235294116, 0.63529411764705879, 0.36421580883034466, 0.63578419116965534]
[81.0, 72.988011540000031, 'gotags_image', 0.37037037037037035, 0.62962962962962965, 0.3704313194665228, 0.62956868053347692]
[35.0, 23.998056089999999, 'gotags_painting', 0.37142857142857144, 0.62857142857142856, 0.36582818237758358, 0.63417181762241637]
[51.0, 27.452548160000003, 'gotags_abdomen', 0.37254901960784315, 0.62745098039215685, 0.37370213432311122, 0.62629786567688872]
[16.0, 13.983899480000002, 'gotags_wedding_dress', 0.375, 0.625, 0.38671960762692775, 0.61328039237307208]
[122.0, 70.999792500000012, 'gotags_sketch', 0.37704918032786883, 0.62295081967213117, 0.36698316998602493, 0.63301683001397446]
[410.0, 271.09594794000026, 'gotags_album_cover', 0.37804878048780488, 0.62195121951219512, 0.36823655564964081, 0.63176344435035814]
[34.0, 26.346451330000004, 'gotags_sleeve', 0.38235294117647056, 0.61764705882352944, 0.37259118987391909, 0.62740881012608074]
[149.0, 83.47003312999999, 'gotags_singer', 0.3825503355704698, 0.6174496644295302, 0.38264572292976162, 0.61735427707023871]
[73.0, 46.164783190000009, 'gotags_glasses', 0.38356164383561642, 0.61643835616438358, 0.36790260554454474, 0.6320973944554551]
[13.0, 9.2457398799999986, 'gotags_cap', 0.38461538461538464, 0.61538461538461542, 0.35815427353338003, 0.64184572646662008]
[26.0, 18.775659919999999, 'gotags_footwear', 0.38461538461538464, 0.61538461538461542, 0.35551957046737992, 0.64448042953262008]
[39.0, 35.050366339999997, 'gotags_woman', 0.38461538461538464, 0.61538461538461542, 0.38110775677558872, 0.61889224322441139]
[200.0, 138.47245443999989, 'gotags_art', 0.38500000000000001, 0.61499999999999999, 0.38514095598058823, 0.61485904401941271]
[28.0, 19.815225039999998, 'gotags_child', 0.39285714285714285, 0.6071428571428571, 0.39166805546408273, 0.60833194453591743]
[57.0, 41.271360659999999, 'gotags_music', 0.40350877192982454, 0.59649122807017541, 0.40955317682031572, 0.59044682317968433]
[37.0, 22.297716899999994, 'gotags_bangs', 0.40540540540540543, 0.59459459459459463, 0.40184225542840218, 0.59815774457159809]
[17.0, 12.719276770000002, 'gotags_bassist', 0.41176470588235292, 0.58823529411764708, 0.41184124968136843, 0.58815875031863141]
[34.0, 29.089575359999998, 'gotags_brown', 0.41176470588235292, 0.58823529411764708, 0.41183150292641468, 0.58816849707358532]
[68.0, 36.492995340000007, 'gotags_interaction', 0.41176470588235292, 0.58823529411764708, 0.40410165245701091, 0.59589834754298876]
[68.0, 39.131886320000007, 'gotags_emotion', 0.41176470588235292, 0.58823529411764708, 0.41072070966805363, 0.58927929033194626]
[102.0, 71.692298179999995, 'gotags_flower', 0.41176470588235292, 0.58823529411764708, 0.38794610461739842, 0.6120538953826018]
[58.0, 40.13205421, 'gotags_fashion_accessory', 0.41379310344827586, 0.58620689655172409, 0.41253102129705316, 0.58746897870294679]
[12.0, 6.152227149999999, 'gotags_graphic_design', 0.41666666666666669, 0.58333333333333337, 0.41612818213319713, 0.58387181786680298]
[60.0, 45.162451090000005, 'gotags_guitarist', 0.41666666666666669, 0.58333333333333337, 0.40989928454301694, 0.59010071545698273]
[71.0, 49.871160099999997, 'gotags_mouth', 0.42253521126760563, 0.57746478873239437, 0.40451841484232887, 0.59548158515767124]
[314.0, 181.55575213000003, 'gotags_photo_shoot', 0.42356687898089174, 0.57643312101910826, 0.42694580965133511, 0.57305419034866456]
[153.0, 91.053773589999977, 'gotags_pattern', 0.42483660130718953, 0.57516339869281041, 0.41831864851105072, 0.58168135148894962]
[61.0, 35.18806111, 'gotags_portrait_photography', 0.42622950819672129, 0.57377049180327866, 0.42029432749271478, 0.57970567250728533]
[56.0, 36.09502023000001, 'gotags_spring', 0.42857142857142855, 0.5714285714285714, 0.42457153597223501, 0.5754284640277646]
[46.0, 42.102315719999993, 'gotags_blue', 0.43478260869565216, 0.56521739130434778, 0.43510265306613405, 0.56489734693386628]
[55.0, 32.771482119999995, 'gotags_formal_wear', 0.43636363636363634, 0.5636363636363636, 0.43413889057270377, 0.56586110942729617]
[16.0, 10.26152587, 'gotags_collage', 0.4375, 0.5625, 0.43270145261544812, 0.56729854738455199]
[41.0, 36.469859509999999, 'gotags_performance', 0.43902439024390244, 0.56097560975609762, 0.43903312639879155, 0.56096687360120823]
[86.0, 75.778043769999996, 'gotags_pink', 0.44186046511627908, 0.55813953488372092, 0.44239736145408298, 0.55760263854591718]
[18.0, 12.280627189999999, 'gotags_doll', 0.44444444444444442, 0.55555555555555558, 0.45019167217305617, 0.54980832782694389]
[36.0, 21.43179022, 'gotags_photomontage', 0.44444444444444442, 0.55555555555555558, 0.46248464772440279, 0.53751535227559721]
[11.0, 7.1762386500000002, 'gotags_tuxedo', 0.45454545454545453, 0.54545454545454541, 0.44547951871695352, 0.55452048128304654]
[11.0, 7.4839932200000003, 'gotags_floristry', 0.45454545454545453, 0.54545454545454541, 0.46287533114574358, 0.53712466885425636]
[13.0, 11.045886440000002, 'gotags_purple', 0.46153846153846156, 0.53846153846153844, 0.45326703449252542, 0.5467329655074743]
[28.0, 20.259340410000004, 'gotags_sitting', 0.4642857142857143, 0.5357142857142857, 0.44732824250915471, 0.55267175749084507]
[17.0, 10.349152139999999, 'gotags_heart', 0.47058823529411764, 0.52941176470588236, 0.49900144380329886, 0.50099855619670119]
[38.0, 32.733615360000002, 'gotags_human_positions', 0.47368421052631576, 0.52631578947368418, 0.46791845634982132, 0.53208154365017868]
[40.0, 36.506962360000003, 'gotags_red', 0.47499999999999998, 0.52500000000000002, 0.47693238315213243, 0.52306761684786751]
[21.0, 16.420018300000002, 'gotags_bridal_clothing', 0.47619047619047616, 0.52380952380952384, 0.48392678770644237, 0.5160732122935574]
[25.0, 17.897851650000003, 'gotags_toddler', 0.47999999999999998, 0.52000000000000002, 0.48652649269221082, 0.51347350730778896]
[121.0, 78.262526009999931, 'gotags_fashion', 0.48760330578512395, 0.51239669421487599, 0.49312026761145955, 0.50687973238854112]
[227.0, 166.09780605999993, 'gotags_black_hair', 0.48898678414096919, 0.51101321585903081, 0.484847760607441, 0.51515223939255939]
[10.0, 5.4394209900000003, 'gotags_document', 0.5, 0.5, 0.49038906988517539, 0.5096109301148245]
[10.0, 6.0864864800000005, 'gotags_midnight', 0.5, 0.5, 0.49883694147300561, 0.50116305852699439]
[10.0, 7.3463515199999998, 'gotags_team', 0.5, 0.5, 0.51954980232146586, 0.4804501976785342]
[14.0, 9.7555634600000012, 'gotags_concert', 0.5, 0.5, 0.4917769506262839, 0.50822304937371598]
[24.0, 14.062622249999999, 'gotags_singing', 0.5, 0.5, 0.49272826410451293, 0.50727173589548724]
[46.0, 32.145862269999988, 'gotags_stage', 0.5, 0.5, 0.49672782008096389, 0.5032721799190365]
[383.0, 350.54737398000049, 'gotags_clothing', 0.51174934725848564, 0.48825065274151436, 0.51152635877463559, 0.48847364122536324]
[114.0, 70.63990038999998, 'gotags_toy', 0.52631578947368418, 0.47368421052631576, 0.51787545109815536, 0.48212454890184514]
[15.0, 8.7714974300000002, 'gotags_figurine', 0.53333333333333333, 0.46666666666666667, 0.51789283258103858, 0.48210716741896137]
[18.0, 9.6866312000000008, 'gotags_mythology', 0.55555555555555558, 0.44444444444444442, 0.55107336593964673, 0.44892663406035316]
[43.0, 29.595477639999988, 'gotags_bride', 0.55813953488372092, 0.44186046511627908, 0.5573410488806021, 0.44265895111939835]
[94.0, 71.05733960000002, 'gotags_dress', 0.56382978723404253, 0.43617021276595747, 0.57128156160239907, 0.42871843839760071]
[101.0, 73.973258520000016, 'gotags_play', 0.58415841584158412, 0.41584158415841582, 0.57588881404328318, 0.42411118595671654]
[29.0, 16.681379579999998, 'gotags_action_figure', 0.58620689655172409, 0.41379310344827586, 0.55948460768734576, 0.44051539231265441]
[28.0, 23.189858410000003, 'gotags_lady', 0.6071428571428571, 0.39285714285714285, 0.60801779772488063, 0.39198220227511943]
[23.0, 18.997745109999997, 'gotags_girl', 0.60869565217391308, 0.39130434782608697, 0.60435969024325964, 0.39564030975674042]
[13.0, 7.8516674900000005, 'gotags_veil', 0.61538461538461542, 0.38461538461538464, 0.60558298425854507, 0.39441701574145488]
[34.0, 21.239422119999997, 'gotags_wig', 0.61764705882352944, 0.38235294117647056, 0.61744005773354838, 0.3825599422664519]
[52.0, 28.749009020000003, 'gotags_computer_wallpaper', 0.63461538461538458, 0.36538461538461536, 0.61723148396716443, 0.38276851603283535]
[57.0, 42.022897089999987, 'gotags_gown', 0.64912280701754388, 0.35087719298245612, 0.65599352398195165, 0.34400647601804846]
[218.0, 134.07217178999991, 'gotags_costume', 0.66055045871559637, 0.33944954128440369, 0.65319058773188243, 0.34680941226811773]
[1018.0, 556.03909714999986, 'gotags_illustration', 0.68369351669941059, 0.31630648330058941, 0.68238742909411332, 0.31761257090588751]
[10.0, 6.6580817100000003, 'gotags_superhero', 0.69999999999999996, 0.29999999999999999, 0.69544106571200359, 0.30455893428799624]
[167.0, 97.394368629999903, 'gotags_screenshot', 0.70059880239520955, 0.29940119760479039, 0.69902151569602511, 0.30097848430397522]
[31.0, 16.237983450000002, 'gotags_fiction', 0.70967741935483875, 0.29032258064516131, 0.70157246957903519, 0.29842753042096493]
[38.0, 26.267243869999994, 'gotags_gravure_idol', 0.71052631578947367, 0.28947368421052633, 0.71169309245081458, 0.28830690754918559]
[19.0, 13.371219119999999, 'gotags_food', 0.73684210526315785, 0.26315789473684209, 0.70733727008132374, 0.29266272991867626]
[37.0, 19.152963279999998, 'gotags_fictional_character', 0.7567567567567568, 0.24324324324324326, 0.75393116766837975, 0.24606883233162027]
[37.0, 22.548297460000001, 'gotags_games', 0.78378378378378377, 0.21621621621621623, 0.76362041482488052, 0.23637958517511945]
[10.0, 6.7778129600000003, 'gotags_school_uniform', 0.80000000000000004, 0.20000000000000001, 0.82827141190393661, 0.17172858809606337]
[736.0, 631.10403588000031, 'gotags_cartoon', 0.8125, 0.1875, 0.81346897559313958, 0.18653102440685967]
[12.0, 8.3547446799999996, 'gotags_mecha', 0.83333333333333337, 0.16666666666666666, 0.82085624428680937, 0.17914375571319074]
[273.0, 177.96362832999986, 'gotags_comics', 0.86080586080586086, 0.1391941391941392, 0.85848368772691219, 0.14151631227308781]
[23.0, 18.09860862, 'gotags_comics_artist', 0.86956521739130432, 0.13043478260869565, 0.86647134590614727, 0.13352865409385264]
[16.0, 8.5298730599999999, 'gotags_japanese_idol', 0.875, 0.125, 0.87731762329415008, 0.12268237670584983]
[243.0, 170.64889120000018, 'gotags_comic_book', 0.88888888888888884, 0.1111111111111111, 0.88378976733720505, 0.11621023266279493]
[10.0, 5.6301671499999992, 'gotags_fairy', 0.90000000000000002, 0.10000000000000001, 0.90441244537473453, 0.095587554625265456]
[844.0, 655.31862057999911, 'gotags_anime', 0.91232227488151663, 0.087677725118483416, 0.92436550773403681, 0.075634492265963763]
[69.0, 36.792776599999989, 'gotags_artwork', 0.92753623188405798, 0.072463768115942032, 0.92829330581155456, 0.071706694188445691]
[545.0, 349.35765542999997, 'gotags_mangaka', 0.96330275229357798, 0.03669724770642202, 0.96549128409634732, 0.03450871590365253]
